0.73179495
0.75350136
0.7593304
0.76388055
0.76704705
0.76956004
0.77249604
0.77437633
0.77477777
0.77645946
0.7772403
0.77886105
0.7793981
0.78051776
0.78016955
0.7821647
0.7827162
0.78329194
0.7826276
0.7837185
0.78394485
0.78393394
0.7847576
0.78469056
0.78552616
0.7818626
0.78659195
0.78681165
0.7859057
0.78643143
0.78592163
0.7867329
0.7876941
0.7875204
0.7874656
0.7870703
0.78872335
0.7872325
0.78815347
0.7871246
0.7886442
0.7881421
0.7884213
0.78841674
0.78950423
0.78870887
0.7889352
0.78868026
0.78922355
0.788406
0.78993785
0.7898942
0.7898628
0.7898387
0.7886753
0.7902354
0.7901627
0.78947294
0.79033244
0.78961843
0.7901896
0.79064536
0.7891239
0.79043025
0.7908505
0.7902932
0.78956354
0.7912892
0.791297
0.7907758
0.7902842
0.79035854
0.7906726
0.7907496
0.7910587
0.79172724
0.79138404
0.79135543
0.791003
0.7917512
0.7913681
0.7917236
0.791325
0.7913004
0.7917634
0.7909584
0.7921582
0.79215074
0.7912363
0.7917093
0.7922678
0.7906583
0.7907581
0.7916624
0.79167974
0.79174167
0.79273325
0.7916515
0.7924126
0.79211587
0.79257596
0.7930603
0.79271114
0.79342026
0.79284084
0.79182404
0.7924546
0.7930809
0.79241866
0.7913553
0.79142237
0.7931338
0.7914807
0.79315823
0.7931947
0.7912252
0.7925843
0.79348344
0.79345477
0.79331475
0.7927134
0.7935297
0.7930381
0.793235
0.79244596
0.7924531
0.7939538
0.7938057
0.79379976
0.7936053
0.79252714
0.79377824
0.7940272
0.7929052
0.7937554
0.7932222
0.79339504
0.7937149
0.7933591
0.794123
0.7938967
0.7933558
0.7939208
0.79381835
0.79333276
0.7934309
0.79323024
0.79384434
0.7936212
0.7937994
0.79429084
0.79346085
0.79385555
0.794412
0.7938311
0.7941182
0.7939925
0.7944886
0.7948348
0.79415166
0.7937838
0.7944189
0.7939294
0.79393274
0.7943301
0.79315454
0.7938363
0.79447895
0.79396045
0.79416955
0.79429924
0.79316086
0.79486823
0.79473794
0.7945141
0.794683
0.794326
0.7943882
0.7946574
0.79423106
0.79392934
0.7939892
0.79395664
0.79456776
0.7942187
0.7941
0.79412496
0.7945081
0.79433095
0.79438674
0.794257
0.7950324
0.79479665
0.7944811
0.7945572
0.79468745
0.79477865
0.7938228
0.79482234
0.794663
0.79556537
0.7957023
0.7958075
0.7958843
0.7957474
0.795787
0.79567516
0.79542994
0.7958171
0.79578626
0.79578686
0.7961303
0.7960022
0.7963681
0.7956728
0.79556406
0.7956392
0.7960082
0.7958368
0.7960466
0.7959993
0.796261
0.7960354
0.79608065
0.7956945
0.7962526
0.7959851
0.79595053
0.7960301
0.79627013
0.79635364
0.7960717
0.7956448
0.795869
0.7960161
0.795985
0.7960267
0.7962631
0.7963692
0.7958702
0.7963263
0.795687
0.79604006
0.79622024
0.7964181
0.795457
0.7960072
0.7960127
0.79593265
0.7961021
0.7960375
0.7959457
0.7964298
0.7965069
0.7955449
0.795612
0.7960681
0.7962077
0.79629034
0.79597247
0.7954443
0.7959813
0.7958031
0.7958969
0.79672194
0.7964773
0.7963847
0.79581004
0.79640514
0.7960256
0.79629797
0.7961811
0.7963048
0.7965342
0.79602796
0.7965234
0.79595315
0.7965087
0.7963115
0.7964492
0.79623836
0.79626644
0.79608303
0.796022
0.79642254
0.796511
0.7962223
0.79615486
0.79594505
0.7967962
0.7963935
0.7963956
0.7964441
0.7963411
0.7968637
0.7958806
0.79681444
0.79627645
0.7959662
0.79658353
