12.423315
8.105444
7.789513
7.604809
7.4744015
7.293317
7.1759753
7.089193
7.1022863
6.9965887
6.9553676
6.9615726
6.8675723
6.8626957
6.8791065
6.7905865
6.7855277
6.7363324
6.7825627
6.723996
6.6990995
6.732666
6.761074
6.748101
6.6774197
6.656674
6.586138
6.5931735
6.646524
6.6379805
6.6592455
6.6064754
6.5854683
6.600357
6.6108236
6.609598
6.569828
6.5397177
6.5889783
6.529207
6.5394225
6.534699
6.5343084
6.456581
6.5444326
6.5541673
6.502926
6.502916
6.548646
6.608284
6.4524546
6.5537558
6.4801593
6.5206
6.406533
6.4890947
6.525955
6.4879723
6.4548903
6.536453
6.4901657
6.4704447
6.472494
6.378342
6.4617934
6.450561
6.479838
6.4416723
6.490803
6.462521
6.4730287
6.457809
6.448139
6.465894
6.4598303
6.38808
6.438477
6.434733
6.5314503
6.360692
6.4358673
6.3528805
6.437258
6.4499598
6.471681
6.4037437
6.4131427
6.3911386
6.413488
6.4239216
6.406005
6.3523455
6.360992
6.3355565
6.399817
6.3770113
6.4608235
6.3885455
6.4684944
6.4269876
6.342021
6.4009395
6.389859
6.3891783
6.3831472
6.3589463
6.3767414
6.3827906
6.367184
6.390795
6.3645926
6.3930464
6.34224
6.385272
6.3540907
6.336517
6.3731203
6.348526
6.335299
6.36229
6.3401914
6.37428
6.3379803
6.322292
6.311887
6.402411
6.3899984
6.332587
6.370665
6.3611298
6.410762
6.403844
6.3498306
6.392637
6.3186793
6.3608274
6.3118424
6.364304
6.4212294
6.363122
6.3019357
6.3106804
6.3682246
6.3586874
6.259668
6.3265595
6.294195
6.299593
6.370095
6.3297133
6.3660235
6.284398
6.3067217
6.4201117
6.3121133
6.2823896
6.308174
6.3518305
6.3541827
6.3557544
6.3115754
6.350187
6.44496
6.2961416
6.3458385
6.358944
6.34515
6.302499
6.3612924
6.293518
6.348229
6.315956
6.3641396
6.38326
6.3669224
6.3548036
6.360346
6.326809
6.315364
6.351793
6.3332677
6.350342
6.400916
6.308955
6.330218
6.316978
6.2932773
6.3024707
6.2754045
6.3067102
6.3317633
6.376924
6.328588
6.3726506
6.2951894
6.313656
6.2987995
6.3379774
6.311742
6.3722396
6.233574
6.2254853
6.2322235
6.267986
6.2505264
6.242604
6.2614384
6.252427
6.3157425
6.256065
6.248053
6.267933
6.241125
6.2833924
6.3135757
6.2856274
6.2235537
6.236877
6.298557
6.19184
6.286854
6.2447634
6.246738
6.19691
6.2739124
6.2445927
6.247728
6.2362804
6.2377243
6.250309
6.21418
6.289705
6.218379
6.1697474
6.2433734
6.25247
6.298327
6.2536025
6.2776995
6.2358303
6.280729
6.142219
6.216009
6.24374
6.2394214
6.2902756
6.2178164
6.203146
6.185797
6.2452474
6.2779922
6.2388277
6.2254524
6.226732
6.3376017
6.2625914
6.249756
6.268904
6.2357755
6.2086697
6.2503214
6.2640085
6.2014074
6.2373776
6.251663
6.221972
6.2462654
6.242997
6.1501493
6.2306113
6.2696757
6.2503424
6.285917
6.301688
6.3205914
6.276843
6.224432
6.201981
6.182052
6.205958
6.339343
6.1978173
6.230368
6.251796
6.2587247
6.233878
6.2427115
6.232191
6.240161
6.218417
6.2401114
6.152068
6.2471976
6.2209744
6.242568
6.210889
6.2155147
6.2296615
6.169235
6.218212
