27.264511
27.799793
27.969671
28.0358
28.192602
28.343164
28.400522
28.52308
28.533432
28.588413
28.626272
28.680643
28.722097
28.766647
28.756067
28.84875
28.83841
28.901031
28.886938
28.917288
28.925247
28.964945
28.942188
28.977793
29.00243
28.928402
29.023212
29.046429
29.040268
29.043747
29.032984
29.068043
29.027746
29.090588
29.08706
29.076248
29.135006
29.081034
29.115742
29.126745
29.138449
29.159037
29.107061
29.118658
29.18069
29.112614
29.156765
29.166187
29.147455
29.145273
29.147928
29.189236
29.20766
29.198254
29.197144
29.224375
29.182438
29.19842
29.228933
29.205048
29.21728
29.220486
29.21142
29.220234
29.224115
29.189947
29.161844
29.244877
29.264332
29.164978
29.248114
29.232992
29.246777
29.184546
29.255009
29.297155
29.24345
29.272045
29.222193
29.278498
29.261072
29.29798
29.253836
29.26774
29.294495
29.25999
29.295715
29.31221
29.232004
29.274298
29.30224
29.211384
29.251698
29.293406
29.322422
29.278942
29.33707
29.286942
29.301762
29.31455
29.298712
29.293274
29.308868
29.335423
29.327932
29.316427
29.297989
29.341923
29.280573
29.249084
29.17709
29.340069
29.331142
29.324734
29.344727
29.278416
29.303547
29.352945
29.33244
29.328394
29.260242
29.34971
29.312206
29.335644
29.295792
29.332453
29.32602
29.327785
29.298853
29.351318
29.335022
29.359756
29.362677
29.29839
29.379065
29.305187
29.368597
29.3434
29.32378
29.363276
29.318762
29.339111
29.378307
29.258566
29.340326
29.367025
29.334438
29.386225
29.35284
29.375652
29.380695
29.344727
29.35147
29.392803
29.31318
29.348675
29.341757
29.376749
29.353912
29.366852
29.36828
29.363169
29.360157
29.3476
29.359528
29.324896
29.361248
29.393555
29.3625
29.360083
29.37613
29.34245
29.392582
29.36678
29.394903
29.38447
29.383844
29.373465
29.401178
29.356714
29.363281
29.355871
29.354776
29.378174
29.363602
29.359854
29.374775
29.362621
29.392277
29.388157
29.372463
29.37121
29.403412
29.384762
29.37984
29.392181
29.362293
29.367132
29.413086
29.37212
29.42287
29.42424
29.4519
29.448643
29.443165
29.44692
29.437174
29.428272
29.435978
29.44105
29.44335
29.43562
29.456182
29.458527
29.444523
29.4349
29.445654
29.429043
29.443783
29.444342
29.443613
29.446564
29.461191
29.445007
29.424662
29.450312
29.453598
29.463388
29.44935
29.448544
29.456558
29.461252
29.446085
29.447887
29.447735
29.453766
29.442795
29.44072
29.459488
29.452286
29.440594
29.431116
29.44436
29.451376
29.468067
29.457779
29.443085
29.44371
29.440002
29.464176
29.447443
29.455471
29.477886
29.46751
29.452826
29.440054
29.462818
29.45612
29.45763
29.433685
29.45275
29.453278
29.444263
29.464914
29.475092
29.468597
29.459326
29.452475
29.463257
29.46973
29.464102
29.445972
29.469809
29.469128
29.439209
29.460949
29.446499
29.458576
29.466064
29.472874
29.442392
29.468863
29.458414
29.456272
29.460562
29.462482
29.452703
29.461102
29.453007
29.474176
29.457535
29.47174
29.468899
29.457026
29.488155
29.43375
29.478857
29.459133
29.47234
29.474518
