0.55989504
0.7457081
0.6363708
0.7535824
0.6551885
0.6314948
0.8057823
0.7752672
0.78007954
0.72072124
0.79558
0.7866993
0.7491899
0.8102826
0.6726833
0.7701825
0.8361412
0.8023633
0.72138613
0.79299694
0.73017263
0.69742864
0.6624373
0.76997745
0.8494162
0.7899825
0.74646896
0.85059273
0.74042976
0.7127891
0.8005858
0.8355619
0.8233367
0.7446856
0.7489105
0.80989563
0.81472343
0.8070095
0.8182553
0.7842269
0.7189258
0.85697776
0.71584034
0.7854301
0.8537178
0.7745716
0.78363526
0.7176337
0.75236744
0.75563437
0.7696865
0.78577673
0.78220546
0.7969942
0.7484313
0.8737801
0.8342862
0.7640041
0.7692156
0.8466361
0.77438915
0.827788
0.72083527
0.7765895
0.75738823
0.8033591
0.78205776
0.8036556
0.7968262
0.6975818
0.8525589
0.8212441
0.7437443
0.8173538
0.77503073
0.81802315
0.8038616
0.74407184
0.6958896
0.74321014
0.7608112
0.80217105
0.79814184
0.82391196
0.78573644
0.84107023
0.7491022
0.6883844
0.7544807
0.6523992
0.8034211
0.79046345
0.7641534
0.85638577
0.85004264
0.76859826
0.8072409
0.84212923
0.85042477
0.735192
0.7411581
0.7386311
0.8534173
0.83860207
0.76306397
0.7362937
0.82821435
0.7591015
0.77483445
0.7843191
0.8575633
0.75928104
0.71790063
0.72942454
0.7271036
0.74730426
0.8327748
0.7523857
0.7051066
0.72186154
0.8468248
0.8313416
0.82010776
0.7163684
0.70927626
0.8560074
0.7814415
0.7731007
0.806518
0.76384264
0.75518066
0.80037487
0.75416386
0.8676424
0.7663352
0.7426123
0.8097356
0.7131286
0.84434944
0.78662795
0.7343631
0.7652731
0.7532398
0.76445836
0.76004654
0.7898055
0.77608615
0.8211085
0.84201914
0.8206374
0.7721071
0.6802084
0.8713485
0.69927317
0.73874557
0.78148323
0.7399449
0.7860421
0.7928665
0.7852064
0.7646265
0.81459004
0.88371474
0.82613224
0.7732067
0.83586067
0.8324605
0.8160572
0.75073826
0.8240775
0.7528814
0.74919116
0.8343387
0.8337893
0.8450073
0.8105382
0.7190537
0.73340076
0.85686314
0.85336673
0.8088292
0.77038527
0.71911
0.6955375
0.751564
0.7732205
0.8767105
0.8211426
0.754365
0.7708762
0.7051064
0.8647164
0.7145996
0.8168625
0.69606197
0.8361377
0.744412
0.7655358
0.828333
0.7134272
0.76663524
0.7672986
0.8463306
0.75531566
0.833698
0.8027336
0.81263155
0.8169843
0.8254525
0.8273692
0.78718716
0.7626277
0.71102375
0.8134499
0.7571269
0.8190144
0.7012557
0.8179475
0.7209481
0.84788257
0.7621738
0.78490406
0.8102192
0.7001254
0.78956705
0.77078044
0.7478274
0.72922355
0.8258754
0.792669
0.812528
0.8030345
0.87832606
0.8428113
0.8218392
0.78781813
0.77144593
0.70010614
0.817476
0.79730266
0.76373756
0.728516
0.78861624
0.70464855
0.79975617
0.7741828
0.7348997
0.76705635
0.8181214
0.7084536
0.7787691
0.7828617
0.80948025
0.8281838
0.8400248
0.81202275
0.8412301
0.83880216
0.76001424
0.8061546
0.7837327
0.65703475
0.74868923
0.82709026
0.79563236
0.82709825
0.7387309
0.7059431
0.729487
0.8099676
0.7860963
0.87577194
0.808438
0.727973
0.76230705
0.80579174
0.7782294
0.77338797
0.82720375
0.7313971
0.78569347
0.8218976
0.7802804
0.79685974
0.76874095
0.7674117
0.7366704
0.849569
0.7328971
0.77266234
0.75220114
0.7526526
0.8418203
0.7937291
0.7651371
0.84593457
0.8293209
0.8283738
0.7315585
0.8526107
0.77343684
0.8099866
0.818795
0.82622385
0.75793976
0.7915324
0.76619434
0.6895324
0.7789683
0.8581441
0.81611633
0.7370457
0.80132675
0.7625437
0.7913708
0.7079417
0.8045119
0.7971543
0.6833431
0.73031586
0.87564766
0.7793379
0.82180595
0.80152225
0.83139116
0.80846226
0.77948016
0.757091
0.77030236
0.85536957
0.8032609
0.7444997
0.7881943
0.7502779
0.8025369
0.7064356
0.8605961
0.82391125
0.74378383
0.8412174
0.6655248
0.7770013
0.78886175
0.7294136
0.7136086
0.74134266
0.7817196
0.6915315
0.8124623
0.8017563
0.7469594
0.70530194
0.84809124
0.78858554
0.8891726
0.75467634
0.8121025
0.7185233
0.8104884
0.7792712
0.8426796
0.8251042
0.7555809
0.7970901
0.7535886
0.7801127
0.8723828
0.8311902
0.7457755
0.73953485
0.8429042
0.82622236
0.82894695
0.776768
0.86198616
0.7957577
0.83008444
0.7860665
0.73165405
0.7394067
0.77490586
0.79432774
0.747662
0.8168549
0.8227934
0.8182373
0.69440174
0.7875825
0.73306626
0.8465181
0.7704608
0.7254556
0.85399055
0.7480319
0.70562065
0.71384585
0.7631942
0.7628232
0.777153
0.7486192
0.72179633
0.7388175
0.7938536
0.81557494
0.8068123
0.7791087
0.7613421
0.7573991
0.77316344
0.7736991
0.82074916
0.74505657
0.78751576
0.83340347
0.80659455
0.7193511
0.80865043
0.7402577
0.6804677
0.78604037
0.7065192
0.8421274
0.7952982
0.84632695
0.808973
0.7372014
0.84022003
0.750247
0.81553525
0.723991
0.753496
0.84113306
0.8158458
0.7987656
0.75472635
0.81549966
0.7291512
0.77040917
0.8125637
0.7916757
0.81340855
0.79809445
0.7436698
0.70694065
0.79347557
0.7708759
0.8327141
0.80215997
0.8471662
0.7779209
0.76521724
0.85081357
0.7899987
0.79129016
0.734683
0.6907991
0.77899754
0.7999139
0.77886665
0.74859935
0.76215583
0.85755813
0.8487889
0.7962783
0.79398215
0.7977115
0.79460275
0.7320204
0.7795301
0.77185726
0.78054804
0.7834635
0.7107931
0.8133865
0.84246534
0.7134977
0.806374
0.73865753
0.79442036
0.85816205
0.67527866
0.8792227
0.8155654
0.7353519
0.8012436
0.80959564
0.8464789
0.80739945
0.7974242
0.8423789
0.8643287
0.8174537
0.83915234
0.82418025
0.77433234
0.8011559
0.78392094
0.8826853
0.7841367
0.7876959
0.85211724
0.8222822
0.753827
0.7721368
0.7836007
0.7854894
0.8071416
0.8519886
0.753955
0.7512918
0.73192173
0.81933963
0.8060555
0.7503911
0.8345657
0.87845135
0.7769898
0.7593979
0.8037109
0.7208409
0.7392798
0.7105268
0.85389996
0.7788172
0.7448083
0.7594901
0.71639687
0.77612317
0.81905216
0.81998634
0.7255817
0.8327255
0.83793026
0.75734335
0.73757344
0.7794499
0.7935136
0.74890816
0.70580834
0.7746372
0.69296753
0.84649384
0.72995514
0.8017097
0.8817949
0.82730854
0.8163692
0.72213125
0.78881943
0.87530154
0.6740141
0.6927219
0.7990202
0.74878395
0.8472304
0.75677246
0.786893
0.79765576
0.84023654
0.7784303
0.7520236
0.7798176
0.7779471
0.81506526
0.8259805
0.755372
0.81106776
0.76392174
0.7422034
0.7603806
0.82913035
0.7457694
0.8042137
0.7411801
0.7586751
0.77429074
0.71331596
0.6981209
0.8096556
0.7421668
0.8381777
0.7593344
0.7917214
0.7877374
0.7828597
0.68724155
0.81120425
0.84434617
0.8691082
0.7263605
0.736281
0.80441123
0.7390933
0.7549057
0.73447907
0.8548208
0.7817062
0.7222317
0.66729325
0.7559716
0.7351994
0.8688912
0.7882399
0.88405085
0.7369275
0.67223823
0.7227282
0.7726243
0.8278604
0.7280801
0.77251446
0.7219358
0.81188506
0.7207509
0.70670605
0.7825361
0.7821666
0.8501519
0.79169816
0.7665327
0.7813424
0.86301816
0.7484316
0.74855596
0.8169545
0.69890296
0.7109172
0.81268895
0.7872873
0.78145355
0.86993325
0.817673
0.75304234
0.7638505
0.7617418
0.75929505
0.7931554
0.74059165
0.7986215
0.79882103
0.8024689
0.77195895
0.7309428
0.76756483
0.8217569
0.7502189
0.73937255
0.74367934
0.8042798
0.78996646
0.84015465
0.80555916
0.7787008
0.8685473
0.8569679
0.8217287
0.7961277
0.7220011
0.7023881
0.86797225
0.81639725
0.76979
0.81436485
0.7636921
0.80911005
0.77475405
0.7016451
0.8406517
0.81826305
0.801786
0.8654705
0.8501125
0.8123595
0.7474488
0.6961738
0.76003724
0.822951
0.7786808
0.79195213
0.83394223
0.7076684
0.79292333
0.82164955
0.77101547
0.8245994
0.7865256
0.7415423
0.7037253
0.71731645
0.8363885
0.7607155
0.73971474
0.84039634
0.8339457
0.79437596
0.8303463
0.7273892
0.7807167
0.77042407
0.70011467
0.76677936
0.8303515
0.7417506
0.8223949
0.78758156
0.8772629
0.8220677
0.8882232
0.79690117
0.78436756
0.8207765
0.7523969
0.83449525
0.7283891
0.81096303
0.8439689
0.76057476
0.815846
0.7760417
0.8062887
0.7755252
0.7799825
0.84769475
0.80649275
0.7779478
0.82204777
0.79919255
0.7496821
0.79538715
0.79703575
0.69364136
0.7805997
0.82044375
0.8640788
0.87155163
0.72490185
0.7789937
0.73308045
0.8083849
0.81918013
0.7719721
0.73278576
0.76179665
0.81131965
0.83723086
0.8143123
0.8914673
0.7985377
0.7767597
0.8034798
0.8243041
0.70980644
0.7812797
0.77672535
0.7323912
0.76228267
0.8153535
0.8056485
0.8064536
0.788972
0.833192
0.8261085
0.8355627
0.79723155
0.7205692
0.71517104
0.8527141
0.7362994
0.83616143
0.8737706
0.8569301
0.8065481
0.84278715
0.865779
0.83623695
0.75074434
0.82599694
0.7693664
0.8011052
0.73103756
0.743812
0.78213555
0.77236027
0.81730366
0.76576656
0.75333375
0.74268055
0.7708119
0.7882432
0.73686785
0.7958942
0.75771916
0.8603965
0.74519503
0.80154943
0.88992995
0.8337436
0.75328255
0.83737236
0.73762697
0.8079916
0.71361405
0.7011148
0.7609776
0.7783023
0.7750382
0.81581074
0.74736184
0.7987229
0.7780377
0.7942868
0.7666708
0.8617919
0.7879572
0.7102111
0.7495075
0.7275788
0.7422613
0.67513615
0.8512662
0.764258
0.7236189
0.8152297
0.7356485
0.8049165
0.7950164
0.73775065
0.6760108
0.8212147
0.7361002
0.8302224
0.7512184
0.8549828
0.8062319
0.8441497
0.68730503
0.80353117
0.86285865
0.7557386
0.7979447
0.7297103
0.76876885
0.7378108
0.83954865
0.77057606
0.7764311
0.838457
0.8051462
0.77431434
0.7507433
0.793098
0.84822273
0.849988
0.838839
0.86203873
0.71807736
0.7592839
0.75633496
0.8117991
0.7997288
0.71099675
0.8346167
0.8159669
0.7443371
0.7788297
0.76003236
0.7757168
0.74323094
0.71921474
0.72771657
0.77871376
0.85638016
0.7262023
0.8068287
0.7929805
0.8004974
0.7054613
0.7674552
0.7923828
0.74209106
0.77006304
0.7334179
0.69433415
0.8018548
0.78021747
0.8692403
0.7140037
0.79289377
0.8230056
0.7437443
0.85508305
0.7739771
0.7950776
0.72638613
0.73509705
0.75254124
0.78537875
0.66401196
0.7232209
0.6975005
0.79117346
0.80333024
0.79036903
0.83499897
0.78857416
0.83329815
0.8852381
0.7404604
0.701445
0.83182204
0.8175363
0.78830177
0.8004123
0.75444305
0.8650531
0.7803902
0.8353885
0.71173817
0.7499256
0.76958084
0.764925
0.7688181
0.67990893
0.8212558
0.82807535
0.81806934
0.83585453
0.80870235
0.76523656
0.83643204
0.7674816
0.8033405
0.71671516
0.8210174
0.84020746
0.793492
0.78616005
0.74683636
0.8431353
0.84180653
0.75127476
0.7832977
0.8569584
0.8113789
0.77590305
0.765237
0.8246261
0.73705155
0.6910762
0.8436316
0.73580617
0.7910119
0.7960902
0.77230775
0.7944892
0.8590127
0.8188631
0.735836
0.78994
0.8780727
0.76818955
0.7141623
0.8141993
0.7871185
0.724034
0.7914184
0.72840214
0.87478584
0.7502085
0.79550785
0.8258603
0.72912884
0.7030311
0.7660244
0.74142975
0.8393293
0.7906324
0.7345152
0.8259689
0.7842688
0.8419384
0.79500705
0.7219757
0.8555979
0.84001225
0.8531917
0.7561075
0.8573305
0.75294876
0.869556
0.76270443
0.7316491
0.82297665
0.80547947
0.71790737
0.86200047
0.85411876
0.8223105
0.82503235
0.78279716
