0.62441283
0.6673547
0.6878637
0.70262563
0.71042144
0.7162103
0.7200732
0.72580355
0.72852314
0.7315596
0.7350438
0.7368659
0.7397461
0.7405537
0.74306333
0.7439555
0.74576616
0.7464477
0.7486032
0.74958134
0.7501798
0.75069916
0.75138044
0.75182664
0.7515768
0.75277364
0.75296533
0.7519934
0.7531375
0.7539131
0.754258
0.7548225
0.7551906
0.7555429
0.75421506
0.7553411
0.7508317
0.7562626
0.7565959
0.7568146
0.7568881
0.7568466
0.757477
0.7570557
0.75806624
0.75831693
0.7583844
0.75835
0.75828993
0.758588
0.7590057
0.7573849
0.7594459
0.75958097
0.7593329
0.7595717
0.7599201
0.75990134
0.7598577
0.759528
0.76039207
0.7601673
0.76023275
0.75942624
0.76105905
0.760918
0.7611276
0.76123387
0.7614213
0.75949055
0.76003546
0.76176447
0.76129425
0.76171887
0.7620689
0.7560389
0.7621447
0.76242006
0.76223165
0.76230603
0.7624057
0.7626239
0.7618809
0.76178366
0.7628411
0.7626095
0.7619073
0.76292217
0.7630137
0.76328844
0.7632554
0.7634198
0.7631401
0.7627892
0.7633203
0.7637083
0.76364297
0.7636403
0.7591499
0.7639489
0.76371413
0.7635032
0.76333636
0.763796
0.7633264
0.7636174
0.7640362
0.76428807
0.7637358
0.76368517
0.7641833
0.7642046
0.76396334
0.7644101
0.76441973
0.76466244
0.7635038
0.75825423
0.7649817
0.76457816
0.76494753
0.7650633
0.7650264
0.7641989
0.7648948
0.7636773
0.76518387
0.76430774
0.7652614
0.7655342
0.7655637
0.7653797
0.7640871
0.76558006
0.76568776
0.76528144
0.7656522
0.76570094
0.7654268
0.7655433
0.76583326
0.76524085
0.76559275
0.7657515
0.76593626
0.76557744
0.76542133
0.7659563
0.7652727
0.762281
0.76259464
0.76616824
0.76512337
0.7656474
0.7655475
0.76625955
0.76551485
0.7659866
0.76628256
0.7665048
0.76627487
0.76644784
0.76618725
0.76576346
0.76636505
0.7662159
0.7667049
0.7666253
0.76562226
0.7652215
0.76665205
0.7667018
0.7669032
0.76703346
0.7667031
0.7667442
0.7668854
0.7659702
0.76681024
0.7667009
0.76540893
0.765417
0.76693773
0.767096
0.7668611
0.7668642
0.7671491
0.7671318
0.7667775
0.76715213
0.76732355
0.7663988
0.7671235
0.7671384
0.7669944
0.7672796
0.76699954
0.76729906
0.76730347
0.7669884
0.7677035
0.7676836
0.7677399
0.7674195
0.7678229
0.7678811
0.76780015
0.7676873
0.7674724
0.76743525
0.7663454
0.7676536
0.7679027
0.76744497
0.76793116
0.7681055
0.76799226
0.7664154
0.7678131
0.7679068
0.7681335
0.76809007
0.7681898
0.768198
0.7681553
0.76791203
0.7682754
0.7682043
0.7665098
0.7677635
0.76834184
0.76717013
0.76844275
0.76834476
0.76830786
0.7684912
0.76087075
0.76798314
0.768431
0.7684481
0.7683768
0.7684351
0.7682021
0.7685048
0.7685974
0.7685393
0.7682413
0.76792264
0.7685842
0.7677895
0.76856416
0.76858866
0.7685612
0.76867056
0.7683637
0.76866233
0.76878387
0.7687892
0.7685897
0.76873606
0.7687148
0.7687453
0.7683188
0.7688629
0.76833665
0.76881754
0.76887405
0.76879513
0.76858264
0.7686629
0.76887804
0.76892173
0.76856744
0.7687856
0.7688501
0.7689455
0.7688808
0.76904523
0.7689544
0.7690247
0.7690367
0.7689513
0.76910937
0.768881
0.7690791
0.769157
0.7690917
0.76924294
0.7691596
