24.994278
25.827759
26.222265
26.487808
26.720407
26.837055
26.899347
27.070465
27.129095
27.203766
27.3099
27.24284
27.386913
27.421946
27.481014
27.51102
27.555685
27.568455
27.60783
27.638708
27.634928
27.649326
27.685696
27.69983
27.65802
27.723444
27.7073
27.406876
27.75326
27.694616
27.775976
27.785894
27.781183
27.803518
27.741974
27.769562
27.776545
27.825296
27.81065
27.832722
27.744793
27.847828
27.845032
27.820623
27.871252
27.877298
27.882473
27.867046
27.89011
27.88454
27.844574
27.830301
27.91026
27.9098
27.86858
27.897602
27.890955
27.907024
27.931158
27.914928
27.922272
27.927402
27.932825
27.902643
27.930826
27.924625
27.954615
27.946548
27.95528
27.959019
27.838892
27.972952
27.8541
27.969778
27.974255
27.929651
27.977285
27.987652
27.969288
27.980001
27.995502
27.98197
27.836926
27.996496
28.000479
27.99755
27.738998
27.998829
27.964748
28.013615
27.975214
28.000315
28.012623
27.987804
28.00896
28.018188
28.018627
28.016155
27.964924
28.021671
28.027695
28.028116
28.01655
28.033222
28.00976
28.028534
28.031803
28.026539
27.956472
28.022022
28.01325
28.043371
28.018772
28.017033
28.042988
28.043741
28.038128
27.990921
28.047419
28.041891
28.04746
28.058636
28.044928
28.011963
28.059284
28.045208
28.036163
28.040508
28.06228
28.071356
28.06868
27.971191
27.880955
28.06141
28.072515
28.071081
28.061817
28.059998
28.008686
28.069584
28.071674
28.04809
28.036743
28.069555
28.084812
27.956915
28.079508
28.082895
27.983173
28.053745
28.064487
28.089529
28.076172
28.07727
28.071026
28.079845
28.084768
28.028803
28.063477
28.094433
28.095814
28.084442
28.07251
28.086864
28.093298
28.094976
28.08894
28.103924
28.0984
28.094433
28.082203
28.108921
28.107843
28.105642
28.111242
28.107641
28.113754
28.097412
28.114014
28.104788
28.10259
28.10398
28.083746
28.115585
28.11698
28.072132
28.124523
28.125015
28.11057
28.124624
28.118017
28.120737
28.118366
28.119263
28.124186
28.127335
28.12298
28.118824
28.104147
28.12704
28.13617
28.136417
28.13889
28.114594
28.139492
28.142399
28.13909
28.140463
28.140446
28.131369
28.134548
28.14032
28.130596
28.085155
28.089314
28.149658
28.14119
28.135632
28.10526
28.148382
28.15211
28.145203
28.148678
28.155441
28.15307
28.15411
28.157269
28.155462
28.088501
28.152786
28.159878
28.15191
28.160156
28.15823
28.155544
28.16396
28.07398
28.12363
28.16362
28.16387
28.165188
28.162994
28.134632
28.167185
28.168573
28.166876
28.164265
28.15855
28.17012
28.15857
28.159527
28.169392
28.168613
28.146618
28.164495
28.174698
28.164886
28.177425
28.176153
28.162333
28.145222
28.176395
28.172161
28.177715
28.159521
28.169107
28.180334
28.16687
28.170923
28.17313
28.18332
28.184788
28.155619
28.162128
28.183048
28.185658
28.184612
28.184032
28.189264
28.185574
28.189829
28.18957
28.189468
28.185684
28.179907
28.192755
28.190441
28.194107
28.194271
