19.966288
10.575524
9.81656
9.333399
8.995004
8.826053
8.731074
8.575939
8.458369
8.422901
8.27115
8.23847
8.1376915
8.123133
8.078265
8.015403
8.008653
8.001235
7.9058967
7.907
7.926618
7.9437623
7.9471006
7.9295864
7.86823
7.807245
7.866934
7.9327054
7.8076606
7.8426557
7.747543
7.7883534
7.7267866
7.7215242
7.6879115
7.6945
7.784576
7.6859884
7.74871
7.719253
7.6738143
7.665454
7.609089
7.685723
7.6591153
7.5651045
7.6218586
7.6343555
7.619765
7.6390767
7.6927633
7.6027446
7.650266
7.590146
7.560041
7.580962
7.5524697
7.549451
7.639014
7.5489388
7.5681148
7.5870304
7.556373
7.5868783
7.6289124
7.522377
7.6242886
7.452369
7.591299
7.518008
7.563318
7.530069
7.4937606
7.5314302
7.470969
7.5642023
7.4520392
7.531647
7.565785
7.4513927
7.5084634
7.504155
7.4718847
7.537126
7.5254445
7.5781603
7.5038714
7.482256
7.448727
7.523095
7.475802
7.4905996
7.5280995
7.524962
7.4520354
7.421366
7.4645834
7.469518
7.43257
7.493188
7.5195804
7.4433284
7.4433365
7.472553
7.470932
7.458327
7.4121237
7.479857
7.5229445
7.4001727
7.4992113
7.451787
7.490754
7.4395504
7.4245825
7.471381
7.54994
7.445623
7.4342337
7.4574265
7.462319
7.4715276
7.4266534
7.399674
7.3957386
7.4782553
7.4222603
7.416341
7.4787374
7.517679
7.4756985
7.395436
7.424152
7.432955
7.3781605
7.436868
7.426981
7.4057584
7.4380336
7.3567066
7.338322
7.3862185
7.3903785
7.3763723
7.445688
7.3730607
7.362009
7.39339
7.3827777
7.3704915
7.3758655
7.3607736
7.3916135
7.4084144
7.440303
7.324542
7.4124947
7.4142647
7.408656
7.3838625
7.3828416
7.3889832
7.404306
7.433993
7.44222
7.3467817
7.393878
7.4340444
7.3264537
7.3347836
7.4244475
7.3673987
7.389155
7.4292407
7.3474536
7.427654
7.4135303
7.323683
7.404019
7.4388885
7.3869915
7.3771358
7.3534975
7.342352
7.309682
7.346791
7.3673587
7.292408
7.342296
7.3311143
7.3873305
7.3400292
7.3406467
7.3225236
7.33703
7.341454
7.451502
7.323568
7.3285627
7.364596
7.2653728
7.1884956
7.244439
7.345429
7.264303
7.3367195
7.2777114
7.2179313
7.3151994
7.3056207
7.3288007
7.2316766
7.3127785
7.271656
7.3526235
7.279202
7.2742405
7.372015
7.2425313
7.311855
7.3030934
7.32809
7.2665944
7.347187
7.2551293
7.3216524
7.3084235
7.296175
7.3388085
7.191659
7.305306
7.3451753
7.2979937
7.2360597
7.2450914
7.318439
7.323436
7.2885427
7.2283506
7.325703
7.240732
7.2733245
7.3042274
7.304692
7.2754126
7.2989
7.2911863
7.318343
7.2810426
7.1844416
7.2990465
7.205447
7.2562733
7.249851
7.298083
7.3618464
7.185224
7.248886
7.2185993
7.3029475
7.234768
7.226935
7.2586064
7.283157
7.212891
7.2626004
7.266252
7.264545
7.225746
7.260472
7.2517304
7.1703258
7.2991557
7.1949553
7.221549
7.3055286
7.247672
7.2691183
7.1808505
7.2116604
7.217616
7.252949
7.230944
7.2614865
7.2841916
7.2505827
7.2415323
7.2696934
7.147502
