0.6553196
0.6998122
0.71956146
0.7266386
0.73475677
0.7419524
0.74240685
0.74791443
0.7469177
0.7521483
0.7523321
0.75374234
0.7558489
0.7556987
0.75664186
0.75865805
0.758417
0.759992
0.76143664
0.7624439
0.7608999
0.7635231
0.76381266
0.76468575
0.7635244
0.76316357
0.76539135
0.7663199
0.7664529
0.76712096
0.7643817
0.76862353
0.7685558
0.7701948
0.76885
0.768576
0.7710824
0.7697667
0.77073026
0.7714811
0.7726122
0.7681247
0.77109325
0.7722909
0.7711501
0.7727448
0.7722779
0.773535
0.7671288
0.77324843
0.77352256
0.7738827
0.77444845
0.7739597
0.774301
0.77530944
0.7723306
0.7738069
0.7736934
0.7746609
0.7748758
0.77601767
0.7748
0.7763847
0.77557576
0.7763585
0.7756332
0.7702304
0.77636033
0.7766849
0.7767745
0.77641374
0.77522814
0.77516574
0.77740157
0.7763638
0.77728117
0.7782232
0.7776896
0.7787643
0.77785116
0.7786975
0.7766393
0.77827805
0.77709126
0.7778691
0.7783055
0.7797365
0.7767804
0.7797302
0.7795781
0.7790294
0.7793348
0.7801243
0.77976286
0.7804693
0.77919805
0.7788313
0.7797653
0.7792643
0.7804223
0.7803875
0.78001344
0.7799509
0.7805694
0.78045815
0.7806071
0.780562
0.7808709
0.78094107
0.780095
0.7784683
0.7819821
0.7815091
0.78007233
0.78223956
0.78135836
0.78192365
0.7814239
0.7816663
0.78147393
0.7810832
0.78093314
0.7809144
0.7810302
0.78125733
0.78112525
0.77623886
0.78174
0.78176975
0.78230536
0.78039324
0.78160465
0.7815704
0.7820872
0.78071135
0.7803153
0.781294
0.7822292
0.78279746
0.78020203
0.7807521
0.78172594
0.7819739
0.77982557
0.78315926
0.782952
0.78227705
0.7824851
0.78141004
0.7829005
0.78332347
0.782189
0.7828839
0.78312224
0.78167146
0.7814348
0.78251886
0.78303987
0.7822856
0.78350085
0.7829751
0.7838503
0.78225297
0.7821453
0.7820117
0.7822186
0.7832575
0.78335583
0.783142
0.78422785
0.7820522
0.7828835
0.7829762
0.78384817
0.7813446
0.7825782
0.7834549
0.7828577
0.783265
0.7832556
0.7833661
0.7828638
0.78380835
0.7836932
0.78357774
0.78499144
0.78346235
0.78454804
0.7821528
0.78420526
0.78366035
0.7837877
0.78349125
0.7840323
0.7837297
0.78312653
0.78365993
0.78372544
0.78408176
0.78486687
0.7844651
0.7852243
0.7841641
0.7835875
0.7850012
0.78457284
0.7846764
0.7845731
0.78564703
0.78525126
0.7835064
0.7856191
0.7848681
0.78494054
0.78500473
0.7838227
0.78464603
0.78484946
0.7860097
0.7840172
0.78437394
0.78458107
0.7852987
0.78436154
0.7850486
0.784371
0.78393674
0.7855912
0.78508174
0.78547806
0.78470445
0.78397
0.78468263
0.7855886
0.7857153
0.78523284
0.78570557
0.78550017
0.7853731
0.7858446
0.7861438
0.78607476
0.78519005
0.7852916
0.7852853
0.78548414
0.785754
0.78521526
0.7856184
0.7857507
0.7855872
0.7853117
0.78489935
0.7851394
0.78613275
0.785623
0.78532517
0.7842798
0.7861169
0.785936
0.7860977
0.7848056
0.7859433
0.7863411
0.7859605
0.78374285
0.786719
0.78564525
0.78577924
0.7857574
0.7846705
0.7855439
0.78565073
0.78558433
0.786553
0.78555506
0.785934
0.78581256
0.7859245
0.78579175
0.78654194
0.7868258
0.7860248
0.7859768
0.78596544
0.78611237
0.7860532
0.7865554
0.786384
0.78619266
0.7858245
0.7856928
0.7864984
0.7867845
0.786531
0.78617495
0.78554076
0.7864329
0.78600895
