25.572598
26.382196
26.848568
26.867422
27.033997
27.429066
26.478647
27.487011
27.143627
27.666876
27.540503
27.74845
27.85029
27.833551
27.88294
27.946445
27.931747
27.976084
28.017248
28.068583
27.999374
28.155483
28.142212
28.187084
28.15488
27.939184
28.245712
28.197376
28.103962
28.014088
27.82525
28.318699
28.264252
28.363586
28.290558
28.315985
28.290686
28.220612
28.431309
28.42712
28.424341
28.066687
28.179554
28.460743
28.414236
28.48592
28.482258
28.41358
27.858236
28.515331
28.517282
28.52558
28.52068
28.55094
28.502178
28.564713
28.419155
28.4491
28.57084
28.579733
28.57843
28.548382
28.525763
28.520092
28.351505
28.616425
28.613071
28.41658
28.624317
28.642193
28.642447
28.572205
28.596157
28.564606
28.673985
28.53393
28.502619
28.618347
28.67547
28.712605
28.650064
28.653751
28.701466
28.578058
28.503529
28.67749
28.664545
28.726019
28.669687
28.69057
28.73
28.69577
28.668682
28.605701
28.72572
28.75697
28.735117
28.695873
28.632532
28.73463
28.787848
28.75735
28.7598
28.771687
28.790781
28.77037
28.54125
28.782864
28.754406
28.788
28.7562
28.591747
28.803455
28.807339
28.70271
28.794384
28.814264
28.823086
28.71543
28.798172
28.80463
28.812733
28.79832
28.809702
28.73583
28.839748
28.824203
28.199795
28.81449
28.785244
28.838009
28.790411
28.788174
28.79884
28.788677
28.812037
28.804205
28.788448
28.822094
28.538126
28.775513
28.764286
28.827097
28.826431
28.74693
28.873196
28.86684
28.847403
28.854725
28.696054
28.866077
28.854939
28.852692
28.882008
28.867783
28.801382
28.80602
28.864096
28.847403
28.753582
28.891201
28.842386
28.897259
28.860104
28.85134
28.824305
28.766232
28.870916
28.886364
28.840567
28.909527
28.817865
28.896902
28.904247
28.908092
28.845196
28.878555
28.861395
28.875845
28.808094
28.905619
28.91128
28.81126
28.910227
28.911366
28.890614
28.917065
28.82665
28.93089
28.785345
28.91232
28.893864
28.936956
28.925959
28.941181
28.913448
28.926193
28.914318
28.868378
28.926693
28.954245
28.953608
28.965714
28.93572
28.926111
28.950058
28.922781
28.960827
28.942795
28.96756
28.959034
28.870142
28.978327
28.973156
28.96247
28.96159
28.935776
28.945002
28.982727
28.982172
28.899235
28.924372
28.942144
28.965786
28.95232
28.97894
28.95408
28.928814
28.992596
28.979801
28.99352
28.939875
28.93252
28.946106
28.991146
28.988886
28.961842
28.990986
28.996052
28.98029
28.985218
28.887781
28.99599
28.993097
28.97967
28.997448
28.988369
28.986721
28.980804
29.013556
28.986216
28.992792
28.972706
28.924582
28.94598
28.986227
28.983881
28.982899
28.963186
28.970282
29.004023
28.987324
28.927906
28.999256
28.988398
29.008465
28.936853
29.005945
28.951466
28.990305
28.996063
28.905659
29.005817
28.983795
28.998713
29.004755
29.01051
28.999628
29.001247
29.01333
28.98495
29.013403
28.998646
29.006046
29.008087
29.018787
29.005322
29.027445
29.005436
29.02272
29.027761
28.984085
28.984034
28.99805
29.006556
29.018719
29.019897
29.007294
28.998264
28.975454
