18.547256
9.911276
9.216071
8.761446
8.515246
8.361019
8.193484
8.011849
8.0782175
7.881159
7.9337945
7.8717175
7.830166
7.7199554
7.659106
7.6108317
7.6042852
7.637858
7.470902
7.4939513
7.448559
7.4034543
7.451113
7.4881783
7.4513707
7.3325453
7.2685075
7.3863783
7.220706
7.395698
7.272626
7.303288
7.232226
7.282792
7.204882
7.2515717
7.2241435
7.194232
7.232814
7.1390595
7.1742268
7.1825776
7.13595
7.0563893
7.0563617
7.046619
7.107986
7.0940223
7.008916
7.087949
6.9806943
7.091765
7.093818
7.0305147
7.0246515
6.9600515
7.0326004
6.999137
6.9472494
6.904399
6.9890428
6.9705157
7.0667095
7.0490994
6.963218
6.920444
7.0295486
6.953541
6.918855
6.894834
6.9908533
6.8794928
6.841947
6.848043
6.927434
6.850728
6.94402
6.85692
6.956989
6.8661437
6.825106
6.8481035
6.8640294
6.922273
6.878727
6.876922
6.837688
6.7997513
6.839808
6.833178
6.81609
6.865139
6.8280787
6.9347053
6.883947
6.8510537
6.786242
6.857216
6.8724546
6.837954
6.7750945
6.8722763
6.8961897
6.7964053
6.8438034
6.7498507
6.84511
6.7867556
6.8274736
6.818737
6.7509284
6.753304
6.7837725
6.755913
6.761578
6.775278
6.693024
6.8396873
6.718008
6.747288
6.759621
6.696448
6.74733
6.735132
6.8031235
6.7472925
6.734102
6.7792215
6.7770596
6.743726
6.742422
6.7276406
6.7110744
6.7446203
6.7701254
6.6795006
6.753099
6.7133245
6.667913
6.682896
6.698629
6.737168
6.7070813
6.672671
6.7236648
6.766682
6.648131
6.741178
6.6689677
6.738051
6.7026997
6.6628914
6.7294507
6.721565
6.619401
6.7080755
6.7100663
6.7758737
6.726822
6.709774
6.6470423
6.6814327
6.698267
6.725924
6.728346
6.647598
6.6953917
6.657291
6.6378093
6.5946417
6.703377
6.684897
6.673649
6.6531615
6.723337
6.644267
6.7613873
6.6910973
6.6601996
6.607569
6.6095514
6.619871
6.6182714
6.628391
6.6264896
6.6058693
6.6330247
6.7128887
6.659075
6.60683
6.658663
6.7272906
6.63013
6.620974
6.613883
6.6461883
6.6823235
6.647531
6.6235847
6.619118
6.6394506
6.5605497
6.548182
6.61087
6.7004695
6.6007686
6.534223
6.56542
6.6005087
6.60319
6.6617384
6.671418
6.5726576
6.542763
6.6325955
6.6093154
6.5761156
6.608603
6.6291857
6.6216497
6.6151285
6.5608053
6.560029
6.6098604
6.62044
6.594447
6.5645256
6.552246
6.606753
6.6500974
6.594059
6.575304
6.5741143
6.560788
6.5447016
6.589003
6.5560102
6.6148453
6.5582094
6.529738
6.556378
6.610369
6.608774
6.61496
6.5067964
6.5678625
6.538435
6.539054
6.5682263
6.547461
6.571779
6.5599847
6.5335503
6.532443
6.563607
6.543335
6.5594406
6.5595655
6.562114
6.6046867
6.6459823
6.5603714
6.5395665
6.5830827
6.5649223
6.513461
6.5692816
6.568514
6.5596027
6.559836
6.599471
6.5372076
6.58159
6.5663314
6.499527
6.50311
6.5866823
6.488237
6.623802
6.553358
6.538455
6.5168486
6.533746
6.517645
6.5967374
6.4989758
6.508835
6.562348
6.522883
6.5368633
6.5574026
6.555081
6.508329
6.5298634
6.5436625
6.5055413
6.544842
6.561696
6.500821
6.590945
