24.853668
25.799465
26.048817
26.414661
26.710697
26.831432
26.93958
27.035501
27.067144
27.164753
27.228779
27.205622
27.320953
27.320099
27.372131
27.011047
27.526752
27.571753
27.591824
27.603436
27.550287
27.608633
27.65408
27.607586
27.666464
27.5008
27.71673
27.710041
27.6318
27.726114
27.748663
27.765247
27.76687
27.776836
27.77243
27.79482
27.748928
27.774837
27.801132
27.825098
27.79217
27.76155
27.835217
27.655895
27.84696
27.86266
27.799301
27.73733
27.875103
27.885315
27.885204
27.768976
27.882605
27.86444
27.89259
27.904272
27.894114
27.91499
27.886597
27.761026
27.920984
27.9352
27.901196
27.938883
27.940704
27.949718
27.937244
27.955872
27.94223
27.916187
27.932404
27.970098
27.937313
27.643963
27.971867
27.93858
27.950277
27.972555
27.974155
27.981525
27.96091
27.975372
27.997784
27.992172
27.9885
28.003803
27.988327
28.007275
27.990887
28.012188
28.009308
28.012619
28.015528
28.019308
27.897345
28.005163
28.017828
28.022808
27.972113
28.011261
28.01112
28.015717
28.021328
27.923254
28.024145
28.025452
28.037481
28.010426
28.029501
28.034872
28.042927
28.040268
28.034845
28.04446
28.043615
28.037434
28.041718
28.049719
28.0513
27.875645
28.000233
28.057215
28.050854
28.054724
28.039896
27.991705
27.95373
28.054525
28.059238
28.040323
28.060593
27.99989
28.001614
28.0598
28.064306
28.033356
28.054672
28.066807
28.062214
28.072672
28.069675
28.069128
28.071125
28.062769
28.020523
28.049374
28.076122
28.077814
28.034784
28.051647
28.074429
28.081055
28.088673
28.081598
28.023642
28.084497
28.08488
28.090725
28.09082
28.085659
28.058498
28.091192
28.08515
28.090885
28.080572
28.094654
28.09871
28.095966
28.022211
27.996363
28.00347
28.070713
28.096344
28.097229
28.096888
28.101696
28.103165
28.103022
28.075665
28.074991
28.081219
28.033733
28.105307
28.105433
28.093506
28.099705
28.111105
28.100702
28.113956
28.104355
28.111164
28.111416
28.101465
28.117008
28.10149
28.091335
28.07883
28.11907
28.115726
28.117926
28.12936
28.12804
28.131046
28.134052
28.13535
28.133282
28.125025
28.135239
28.135471
28.137249
28.140741
28.1374
28.131878
28.14185
28.135706
28.134882
28.130314
28.144526
28.141907
28.144262
28.131641
28.111118
28.135342
28.148834
28.146576
28.151087
28.151886
28.147045
28.138159
28.151459
28.15568
28.156445
28.153482
28.158258
28.155766
28.159512
28.156803
28.161987
28.067486
28.161205
28.159912
28.161285
28.159897
28.161396
28.164282
28.16239
28.16688
28.167562
28.062113
28.157505
28.162333
28.168987
28.154911
28.171356
28.170288
28.172012
28.17246
28.173218
28.155401
28.17339
28.164494
28.174698
28.176462
28.166931
28.169598
28.173151
28.178696
28.175344
28.175869
28.178722
28.178085
28.17808
28.176105
28.18309
28.182459
28.180908
28.183228
28.182842
28.183756
28.18662
28.184666
28.187092
28.18952
28.185415
28.177258
28.174496
28.179785
28.18935
28.158545
28.144506
28.18597
28.190052
28.189707
28.19515
28.195974
28.172527
28.19633
28.198166
28.196478
28.198223
