20.263254
10.785605
9.821937
9.393886
9.065781
8.915504
8.799937
8.5617
8.501487
8.398245
8.361568
8.323512
8.2296295
8.15743
8.17481
7.996356
8.109188
8.020684
7.965722
7.9608736
7.963438
7.940872
7.916601
7.930391
7.8902063
7.893644
7.902638
7.818261
7.84371
7.7011304
7.7973466
7.7150517
7.7855864
7.7098765
7.7864604
7.7247605
7.749737
7.759515
7.6985803
7.7067976
7.741631
7.7074285
7.7312117
7.7019663
7.74723
7.6509614
7.7215395
7.611905
7.6675305
7.6202326
7.581693
7.622098
7.5916986
7.5807714
7.546363
7.5648894
7.525334
7.5804195
7.6670113
7.5798116
7.605334
7.5153728
7.6388087
7.5358524
7.550456
7.537322
7.5108857
7.5495486
7.543332
7.5707974
7.515866
7.510637
7.4846053
7.5599217
7.5059805
7.5081167
7.55795
7.533087
7.580119
7.494461
7.4992127
7.5154433
7.4609118
7.4708815
7.4342117
7.5620985
7.578337
7.496524
7.4480205
7.460207
7.50275
7.4828534
7.455888
7.4280615
7.4701858
7.4784284
7.4402003
7.45196
7.396612
7.4496956
7.5234036
7.4178467
7.509306
7.4780083
7.4745703
7.42427
7.3959193
7.3919663
7.374625
7.465432
7.461078
7.442201
7.4557614
7.4842057
7.4577346
7.4467626
7.467146
7.471463
7.549436
7.422134
7.3942847
7.4788795
7.3934865
7.3718104
7.414424
7.429981
7.4614487
7.4661756
7.3686376
7.407926
7.4465914
7.4772596
7.3949833
7.4012084
7.4212666
7.3450356
7.3753614
7.458146
7.3629193
7.3602114
7.39599
7.3969436
7.469226
7.4031005
7.3622704
7.334468
7.406776
7.420694
7.28857
7.39209
7.413731
7.4601297
7.389389
7.412381
7.396357
7.3729796
7.420163
7.369541
7.3921413
7.43302
7.4099307
7.3990035
7.3606205
7.3790035
7.3787975
7.378482
7.40787
7.351846
7.3873415
7.317705
7.337197
7.3737173
7.2763586
7.3781114
7.4215026
7.3766465
7.3832726
7.3566194
7.4104095
7.42347
7.375941
7.3897014
7.3412127
7.3284903
7.4326453
7.350673
7.344532
7.3285146
7.338632
7.3288183
7.296802
7.2646117
7.3602204
7.2801523
7.303728
7.3465834
7.3217616
7.340755
7.2572703
7.3434453
7.262997
7.341648
7.2657623
7.4057465
7.319791
7.268282
7.2849846
7.3240123
7.3186073
7.31182
7.323406
7.2606225
7.2661796
7.313694
7.3102484
7.3067627
7.2452583
7.326211
7.263298
7.2249117
7.3339634
7.310414
7.28237
7.271824
7.304406
7.3011146
7.285027
7.276082
7.283406
7.3268514
7.289412
7.289771
7.3401012
7.2924695
7.2123547
7.2476997
7.2886086
7.3199873
7.2994213
7.2525115
7.2498293
7.272718
7.2683873
7.2914596
7.2932053
7.2911267
7.3298335
7.2664304
7.2439632
7.2792463
7.248229
7.2610297
7.2725377
7.3216105
7.2465205
7.276402
7.257996
7.310376
7.269248
7.249875
7.279369
7.305869
7.288075
7.2791915
7.2686825
7.243119
7.184469
7.227377
7.3262877
7.286597
7.2984605
7.293623
7.2496204
7.2405148
7.293135
7.320827
7.2671027
7.196811
7.220819
7.211162
7.272874
7.2741966
7.2427425
7.2763114
7.304792
7.2754097
7.213437
7.2417183
7.273451
7.2128444
7.2156186
7.20992
7.261082
7.233893
7.240409
7.248006
7.261898
7.187545
7.3196416
7.2179337
