0.6162097
0.66768867
0.6858603
0.6970538
0.7090751
0.7151414
0.7198495
0.7234112
0.7265983
0.7291919
0.73157203
0.73309934
0.735566
0.73695385
0.73868364
0.7384248
0.7460979
0.7471045
0.74817145
0.7487263
0.7489092
0.7498791
0.7505621
0.7508304
0.7515711
0.7515935
0.75242317
0.75268257
0.7530551
0.7537803
0.75393295
0.7543119
0.754666
0.75500154
0.7551389
0.75552464
0.7552203
0.7560235
0.7561764
0.7565611
0.75627106
0.7556467
0.75702554
0.75671935
0.75740504
0.75777686
0.75764024
0.7575985
0.7583487
0.75850594
0.7586687
0.7579459
0.7584975
0.75872374
0.7593278
0.75934285
0.7592826
0.7599193
0.75991493
0.7591889
0.76030934
0.7604853
0.7601309
0.7604021
0.76070607
0.7604224
0.75948477
0.76098794
0.761127
0.76111376
0.76099473
0.76168287
0.76033103
0.76019686
0.7615699
0.7610153
0.76189923
0.76190567
0.76195824
0.7623894
0.76181173
0.76216996
0.7626072
0.7625426
0.7628926
0.7628365
0.7624356
0.76313627
0.7628891
0.7632684
0.762674
0.76312655
0.7628715
0.76312697
0.7628179
0.7635209
0.76360923
0.7634537
0.76362187
0.7616807
0.76192605
0.7635328
0.76355255
0.76364243
0.76319164
0.7640397
0.76409054
0.7631206
0.7642804
0.7642244
0.7642002
0.7644805
0.7642182
0.76456416
0.7646109
0.76451397
0.76481503
0.7648978
0.7648236
0.76117784
0.76412916
0.7649498
0.764909
0.76507217
0.76499236
0.7624726
0.7645196
0.7648052
0.76493675
0.76429224
0.7647038
0.76519287
0.76496756
0.7640394
0.7653676
0.76538336
0.76551735
0.7656127
0.7652143
0.7655405
0.765489
0.7651765
0.76557523
0.7644474
0.7656746
0.7655276
0.7658652
0.765762
0.76538336
0.76459014
0.7657137
0.7654892
0.7661317
0.7654208
0.7658127
0.76539886
0.7663502
0.7657833
0.76630217
0.7657951
0.765947
0.765999
0.76571226
0.7663953
0.7642464
0.766524
0.76637876
0.7662221
0.76463336
0.7656482
0.7615684
0.7627202
0.76605386
0.7659652
0.7665367
0.7666837
0.7666248
0.7665946
0.76654136
0.76647633
0.7664374
0.7664193
0.76659375
0.7670077
0.7660216
0.76641357
0.7667284
0.76691353
0.76695037
0.7671107
0.767027
0.7662449
0.76709926
0.767234
0.76714885
0.76675004
0.76627034
0.76717484
0.7672199
0.7673284
0.76747715
0.7675558
0.7675303
0.76760215
0.76764065
0.76752687
0.7675959
0.76721495
0.76746964
0.7676803
0.7677781
0.7675684
0.76752704
0.7677847
0.7678069
0.767712
0.7671303
0.7677212
0.7671236
0.767933
0.7678937
0.76767653
0.7678731
0.7679254
0.7674839
0.7679968
0.7680168
0.7671951
0.7678685
0.7680665
0.76800907
0.7681161
0.7680634
0.7682293
0.76792485
0.7682479
0.7681526
0.76831865
0.76684296
0.76830065
0.7680999
0.76806223
0.768178
0.76833665
0.76824677
0.76815784
0.7683639
0.7684448
0.76823694
0.7683732
0.76834995
0.76839983
0.7682562
0.7684361
0.7683918
0.76843166
0.76846206
0.76851207
0.7684412
0.76834065
0.76843435
0.76853305
0.7685472
0.7685014
0.7684574
0.7681691
0.76868165
0.76863265
0.7679483
0.7686688
0.7682543
0.76839477
0.76864594
0.7687501
0.7686329
0.7685954
0.7686235
0.7685417
0.76860106
0.7687092
0.76880425
0.7687405
0.76882994
0.76839715
0.7688223
0.76803666
0.7687887
0.7688117
0.7684996
0.76866806
0.7679943
0.7688509
0.7680744
0.7689162
0.76898897
0.76869524
0.7689613
0.7689921
0.7688365
0.7688871
