23.854914
25.4728
27.955856
24.444468
24.842241
25.76456
28.909058
25.693874
26.387003
27.2388
26.82594
29.502224
28.922178
27.160543
26.04926
26.919918
29.478321
26.44581
26.484732
28.514578
29.32789
27.453054
31.301363
22.409267
25.35352
28.002634
31.342382
25.85443
26.614405
31.886148
34.310574
26.581308
30.857225
25.748219
32.405315
27.905329
27.789072
29.602182
29.376055
27.10794
29.343576
28.572527
27.080898
30.248138
29.403057
32.098717
28.324968
31.014347
29.379221
29.96153
26.701937
25.376753
27.19662
27.222311
33.936436
27.37261
28.379465
27.912907
30.116207
28.98897
29.669199
26.982174
29.052292
28.003172
28.618702
30.279175
27.787136
27.792362
27.027622
30.302692
29.610136
29.09859
26.867666
32.589996
34.954548
29.674103
28.975134
30.258423
33.32865
25.029001
31.512547
32.468864
28.771988
30.699902
32.89541
30.505157
31.736515
26.525599
27.051779
29.066141
25.407923
25.849274
26.457994
28.92573
33.100655
29.14761
32.63031
29.536451
27.130777
29.214464
27.818563
31.373373
25.292307
30.635141
30.576664
30.11288
28.895155
29.096766
30.757141
30.489359
26.804014
29.5213
29.499542
35.22702
26.825724
28.05654
29.89213
30.338675
30.490925
26.452929
31.337019
30.035923
33.007324
34.473396
29.895218
31.68669
29.991495
32.308083
29.479496
30.892786
36.04061
30.819836
28.501163
29.662172
27.812607
30.201488
34.609642
29.917776
29.259079
26.940657
31.752363
30.550922
32.722523
29.94086
33.694042
30.265635
31.048569
35.68029
27.019138
28.120039
30.297754
31.579906
26.666744
32.47224
27.298466
30.143223
29.20867
32.097755
29.70068
26.538382
26.757809
29.37816
31.04473
31.522018
30.362095
29.297316
28.396181
29.631971
30.18277
29.528172
29.409208
27.938398
30.989065
29.854214
27.619337
26.549364
29.898144
28.70888
33.698627
29.680708
30.79544
27.147501
31.833694
32.353413
28.11533
32.932854
28.134754
24.33882
30.3752
31.179312
30.168888
30.192326
27.960985
26.536734
29.96034
29.215712
31.443708
31.38147
30.00879
28.71543
29.068207
30.463675
29.31741
31.19847
30.36386
29.80401
28.218472
31.10621
28.143234
27.355404
27.22348
29.82503
34.071465
30.57781
25.50224
32.04184
32.11767
27.856297
27.757381
33.099968
29.625107
27.68529
27.62418
31.996237
32.01029
25.922598
28.718182
26.117062
31.548496
28.155893
31.4564
30.20793
31.087341
29.699442
28.995008
31.217688
34.862984
27.715607
26.23853
27.380678
30.176697
33.510555
26.567278
30.276516
31.529432
31.737003
29.248514
33.01194
32.296074
31.424704
26.77977
31.529589
31.8258
27.719194
30.698277
29.346558
31.050293
27.816574
31.336334
33.628147
27.924122
30.400805
29.301832
32.679886
32.13047
31.0118
26.24077
26.648708
28.44669
26.870779
28.965067
30.008266
29.047525
31.98498
33.663387
29.51909
31.388973
32.711708
31.973858
30.029278
30.164446
33.76844
30.356157
28.089233
27.288143
29.278458
28.714018
30.799204
35.016537
35.23609
28.400743
27.446655
31.445906
26.253963
31.828793
33.61386
29.924778
27.098633
29.685873
30.168402
30.314682
31.454973
29.200457
29.185442
30.578598
31.373892
29.237722
28.660496
29.299372
27.785723
31.044067
30.374151
34.228783
26.852957
35.728466
32.767773
31.590755
29.865366
31.409464
26.159473
28.771933
32.36536
31.105051
30.522299
28.647943
30.617876
27.94261
29.69431
27.460758
28.444834
30.401957
27.866575
27.190157
34.012302
31.057474
27.24129
27.818792
29.1691
36.265156
33.577465
31.628662
26.696613
32.989872
27.676077
27.855846
29.741388
31.368017
29.142025
26.911055
32.936954
29.450094
33.259365
29.066387
32.295387
32.716366
27.985386
32.611332
29.20831
33.56974
27.480267
27.271545
24.482975
29.062351
27.627348
32.666435
28.27223
28.682343
28.628458
28.738861
28.481293
32.92963
30.771372
27.521406
28.034176
34.555504
26.633917
25.321886
29.033861
27.923656
31.617178
30.403889
28.003565
30.146711
31.674604
28.50764
32.866154
31.575863
28.748108
26.536762
29.424784
31.785374
32.794685
29.01378
29.310167
28.200909
31.68019
29.503153
30.29252
35.36327
29.355928
27.637264
28.124554
34.119434
28.692404
32.605495
33.07471
32.722515
30.731157
26.73805
28.477861
27.995266
28.811218
32.285625
35.8479
30.078033
27.501928
31.035624
31.247692
30.503323
29.75111
32.572872
30.247421
29.763134
29.501553
30.5605
27.867214
33.249493
32.98795
31.38204
31.41658
28.857946
26.64259
29.246756
24.961365
28.053982
31.533014
31.040873
29.605455
31.632599
29.799374
28.381252
29.802988
26.384518
25.022928
28.257376
27.391953
29.342041
30.529938
30.204529
31.964647
30.657263
26.921444
29.718485
25.249697
26.995756
26.18924
34.58288
29.866947
31.997715
26.826475
28.873743
27.926662
34.21138
28.104935
29.405056
28.010454
28.566214
31.308447
30.693634
30.555464
31.032413
30.038712
33.96301
33.375034
31.261862
31.951674
25.498272
29.683102
26.024235
27.846981
34.102436
30.999498
32.160778
31.192276
31.694654
28.28319
34.326885
28.35101
29.18256
28.162848
33.563038
31.793612
27.290964
31.678373
27.673767
29.442654
27.801605
27.505686
31.95289
29.672451
29.624722
33.88013
31.772459
27.237814
27.637045
29.212904
31.908436
29.720318
33.781628
32.168785
29.502384
32.56721
31.307005
31.483692
28.963211
33.720226
34.238182
27.993473
30.18513
27.99596
32.45582
29.419827
33.33133
32.65982
29.12172
32.503944
27.427246
26.579954
26.359528
28.815481
31.460453
33.27177
28.007
28.57567
28.084625
27.078451
31.480251
29.389568
29.19954
25.480347
33.276554
29.355291
31.992863
31.180403
29.843033
29.659058
28.030195
34.64976
35.93317
31.802935
31.662828
26.823544
32.717712
29.8178
33.5353
31.0238
31.425547
31.910757
32.69209
30.254812
31.791143
28.828905
27.098505
30.146029
27.611301
29.25944
31.855442
27.548418
30.182663
32.950294
28.222965
30.710188
27.05266
29.536783
27.192522
34.16162
31.50878
34.00141
33.57851
32.510704
32.567833
35.070526
28.205692
25.924654
31.281656
26.994843
31.803755
27.86201
26.786116
29.525772
32.183765
29.987457
32.073692
28.062761
31.406382
30.239
31.809092
31.055838
28.508823
30.979183
29.958235
26.56278
26.837381
31.811214
32.980865
32.268406
26.40352
31.251648
29.639544
30.253666
33.0439
36.79035
34.16141
28.213287
33.963905
34.72181
30.581808
27.465899
31.209719
30.088993
31.635387
34.073246
26.526287
30.462755
33.106926
28.220203
30.05234
27.227747
28.342068
31.706522
29.889238
29.445072
29.50379
31.599728
28.24368
30.37503
31.391016
33.02673
29.983044
30.813202
27.608854
26.907108
30.580204
30.514889
24.92664
30.35887
28.675508
33.267906
27.785517
33.225567
35.51833
32.563496
33.31969
33.36141
30.132996
34.09991
33.259354
33.37051
28.869167
30.854784
36.155308
32.242893
27.595463
29.883698
33.368427
32.731148
28.588804
30.925177
26.527096
30.080305
26.936193
30.647552
32.175087
27.973879
31.875593
25.472933
31.66572
34.91505
25.252903
28.018051
28.676798
35.447536
29.16524
31.718092
29.825148
27.3009
26.5983
27.505667
34.50141
31.587498
30.124975
31.99265
37.59049
30.52615
31.058231
31.446218
29.047266
31.038494
30.791073
29.114807
25.934134
30.554752
32.326973
32.952747
26.966047
27.989954
33.056145
36.23913
29.174585
28.170872
34.948925
37.255398
33.245846
29.194925
31.904318
28.373278
31.069971
27.978703
31.78989
28.167416
30.025564
29.014383
30.8053
31.68101
28.661047
28.852722
25.405605
28.24816
31.187222
31.780134
30.794674
27.742674
29.382492
33.105995
30.918856
28.0127
32.260036
31.556765
31.900448
30.197317
25.566895
27.299116
28.567
30.353952
27.20698
30.210155
33.468685
30.318817
28.653513
31.819021
31.800846
29.295338
30.837202
33.607456
30.765085
28.713457
26.83547
32.588554
31.602377
32.82847
28.166006
27.124388
30.428171
37.559162
30.30919
28.291164
29.76065
30.353546
32.485203
32.730335
33.11608
26.416
29.26039
26.12402
29.502432
27.119032
31.617764
26.305115
27.74122
35.16637
25.186466
29.32872
30.955448
29.71231
34.965076
27.727055
33.12597
30.630688
32.128593
25.427582
27.85106
31.34886
29.674072
32.960297
29.80964
28.052185
29.07805
28.50863
31.827349
28.965015
31.85816
31.693844
30.770695
27.444895
28.332241
32.36807
31.323887
30.856907
26.565304
30.457577
30.566317
28.48908
32.22708
28.36809
28.212877
32.886814
31.627924
26.755186
27.037912
29.563206
31.240469
27.163778
30.038788
30.720446
28.64931
30.954407
32.221977
31.115953
32.618164
30.870733
30.658865
33.2789
28.018648
30.856838
32.10193
33.433315
29.324493
36.248577
29.420122
27.457788
29.71639
29.933975
29.344656
30.051956
29.824463
31.01123
27.608173
29.13672
27.407091
29.795122
27.965647
26.935316
31.813559
29.261663
33.427216
28.764492
33.581165
27.363466
26.515001
29.805775
28.371359
33.824123
33.963585
33.99447
32.746853
28.691334
32.71363
30.834661
32.20328
35.637455
31.380816
28.756191
32.29894
33.059685
30.613546
32.45534
32.482655
32.497196
27.179043
26.455837
34.388264
32.968773
31.58691
27.734514
27.744497
32.42298
33.101192
28.550776
25.68078
32.829315
27.760336
28.975466
29.2708
32.515038
31.87408
29.124546
31.380354
28.488195
28.944118
32.294292
29.0387
27.31924
28.426056
29.96221
26.488745
30.788876
29.358425
27.729435
29.505632
27.476696
25.998852
33.92098
33.379528
31.769573
26.581099
28.525116
28.049856
30.050432
29.956858
30.191965
29.203857
30.418959
26.150375
27.536144
31.162527
27.909485
30.290442
33.133636
28.354876
33.573124
29.587818
30.853535
24.863848
32.299896
29.334204
30.341309
33.591587
30.023176
31.168823
30.167908
28.171413
30.20262
28.674236
35.001575
30.939571
35.059284
31.71585
30.755655
27.328856
30.125301
27.87265
32.39628
34.42283
30.309727
29.82842
28.19431
29.753744
27.399237
30.04928
28.547483
27.781704
32.587776
25.931684
31.87718
34.77014
32.690586
29.48564
31.697086
33.579258
27.1041
33.900715
36.49212
25.968187
32.962635
31.255783
32.440273
28.304583
29.15956
32.57386
29.717075
33.75098
31.215946
28.706125
26.436113
26.193726
30.967068
28.544718
28.041227
32.40961
30.527582
26.41708
29.274837
31.713863
30.46259
32.968098
32.195766
28.948803
29.351318
29.142187
27.8968
