21.971874
22.951464
27.652927
24.302965
27.156818
25.975006
27.576202
28.986284
26.094809
28.709494
25.10506
25.25061
24.415253
30.864536
26.97818
25.872812
24.294674
31.74767
30.412497
30.934618
28.800558
30.353367
30.070393
26.407423
26.947493
30.82429
28.66548
30.160648
27.707697
25.870417
29.790358
26.207113
27.358181
28.787033
27.089268
26.396597
30.138699
29.570591
28.97254
28.784962
29.669798
27.225407
30.146465
28.671438
30.41896
30.89152
29.416782
30.897387
32.198997
31.324356
30.679571
28.474833
28.726828
31.900833
26.17183
30.056719
29.84497
26.314697
29.197556
31.204403
30.961315
28.944899
26.08575
30.799942
29.610912
30.790955
31.118635
28.129103
26.778826
25.239653
30.547445
28.925238
27.484964
29.156012
30.566545
31.438824
30.019043
28.268208
30.195715
26.081156
30.82348
30.006063
28.920969
26.579319
29.602293
29.995724
31.668398
29.111649
28.757608
29.902487
31.60539
27.191944
30.512299
26.436953
27.241413
29.947401
29.448885
31.827108
27.026428
29.525465
29.409191
26.599257
30.228525
30.871677
27.875528
26.837343
32.521545
30.183878
29.551971
27.391546
27.178362
31.152697
26.71635
29.378124
28.408281
30.70907
30.683994
31.025953
31.84201
32.14248
29.345095
31.59714
28.529959
31.864746
29.380497
26.243979
26.59129
30.439022
29.175913
25.876436
26.16007
29.367355
26.65646
29.283722
32.450977
31.065153
27.045559
31.522732
35.57988
26.782362
31.01274
32.92116
33.450356
30.471312
27.998104
31.068943
28.472364
26.614258
31.481884
31.250092
26.606367
31.275164
29.64389
33.95451
28.55405
29.658367
29.372936
31.759457
31.679775
30.710794
31.414806
34.056152
28.0417
32.152122
26.958279
28.764042
27.275875
30.202864
28.545244
30.928406
34.356102
30.941637
28.27209
30.106754
28.053946
26.839273
28.759409
31.56362
31.291773
30.607235
26.82472
32.284466
25.470785
29.44948
29.990383
28.565418
27.444546
29.427036
26.535418
28.680918
33.737602
32.773132
31.138702
31.749775
26.75712
27.76825
27.030231
28.04083
29.09497
28.149984
32.62476
30.852283
31.647013
29.382761
28.856045
32.324512
32.04992
33.01099
29.57512
27.712538
28.240831
32.22968
27.244276
29.001654
26.50543
29.8497
32.355274
35.909626
29.843472
31.47128
28.493235
27.638367
31.583023
30.083729
30.393616
28.487194
32.222137
30.6167
32.358273
32.309685
32.509823
31.641193
28.409916
32.950977
32.747192
29.36088
28.054203
32.787285
28.551554
31.782185
36.534084
31.915344
30.121408
33.66436
29.862799
35.53483
28.70303
33.225826
29.857876
32.90307
35.379955
28.09126
28.429684
28.604263
28.418674
32.781513
26.530231
32.7246
30.165781
30.043783
30.149443
32.432972
28.979696
30.528578
32.398293
29.514902
28.667524
27.351807
30.827068
28.965162
32.2698
31.334469
30.962072
31.089739
29.043308
32.46044
31.33858
26.812857
29.513681
27.904623
28.955366
24.734758
30.93576
29.326324
31.442343
29.031744
30.15433
32.87604
27.313324
29.334913
29.959015
29.918074
29.817356
28.394352
32.675034
29.192526
29.521868
29.394482
31.835331
30.83969
32.51151
29.632534
32.44223
32.059303
28.241312
30.741894
28.474155
31.222242
28.252905
33.128277
32.999474
26.77822
33.432194
29.770538
29.257536
31.196049
33.517555
28.575308
31.34809
28.481615
31.225477
30.266651
25.36048
31.077991
29.037722
30.886503
26.71488
31.347666
29.64581
35.25102
34.487217
26.222506
29.729458
32.109257
31.979858
29.32403
29.195059
30.264383
28.406176
29.864634
28.221588
29.906775
30.119968
26.107235
31.627592
29.268997
29.395182
28.628735
26.787958
28.532867
29.6354
32.244896
34.978935
28.803022
31.646646
26.405722
31.670279
29.125711
29.005304
28.19812
31.272291
32.313484
29.200962
26.559652
27.893911
27.259573
30.012136
25.755
33.552868
27.005453
32.157326
32.28382
30.21515
33.59427
31.510431
31.598097
30.28752
30.14067
32.64956
27.364119
34.11053
33.140724
31.305063
28.930925
32.22831
32.70693
30.445078
31.225468
27.925402
30.751635
30.238628
29.849457
27.390734
31.143658
27.945553
32.991062
30.018507
29.90611
26.949066
27.018911
28.789646
28.373339
31.16396
29.275913
26.015182
31.669748
29.240442
25.746416
26.147047
29.823431
30.85333
34.596855
27.148207
30.52988
32.318855
26.016376
27.229645
29.951948
28.384396
31.319696
26.242096
27.63423
30.577288
31.276978
25.953213
29.360579
32.053112
29.879948
32.48656
33.32532
30.921902
30.055914
29.137115
30.231365
28.882982
27.941698
26.586048
30.129667
28.066921
33.74269
26.99751
29.767668
34.400585
27.274584
31.594591
30.500607
26.581778
28.039457
32.517662
28.25221
28.963701
29.770105
34.990925
26.258617
27.040775
28.023783
32.15435
34.80708
27.571615
27.285696
29.090075
31.881802
31.275663
31.228342
26.556356
29.164583
25.401096
30.189932
29.10764
27.977179
32.49701
27.492563
27.042164
30.393024
34.277733
28.795048
27.366316
28.935484
35.09469
27.961164
27.943068
29.331854
29.46349
27.148441
31.555674
31.0992
32.591274
29.550283
27.09286
30.608232
30.209215
27.390543
28.35255
29.150805
32.719334
30.597626
34.0443
25.547123
33.40323
25.289576
31.242582
30.132711
34.09155
30.110077
29.829433
28.61816
30.982847
29.15899
30.889421
29.76323
33.131317
29.730642
28.707083
31.670881
27.295095
26.164062
35.10743
30.611004
30.330688
28.76038
33.825443
29.903517
29.037394
28.330492
35.945274
28.222204
32.316856
26.549133
30.88535
33.281075
32.336136
27.98596
29.67937
31.504696
28.329197
31.310276
29.48022
28.125948
26.570333
29.104305
30.501602
29.232107
28.915728
29.238605
30.368649
32.427025
33.308605
27.67837
26.31716
29.315962
34.22816
30.797977
32.621708
29.153996
29.175705
31.891718
32.096813
29.68015
26.722595
34.037823
27.870426
29.788021
31.621918
33.7005
29.751297
26.503702
30.881077
33.55762
30.130411
31.38835
33.23642
31.34862
29.858976
29.265112
32.525967
32.673637
30.327139
28.01649
33.332237
26.422596
36.9791
33.39223
32.39596
26.595694
30.361113
32.001934
33.772297
26.585829
27.200731
29.451307
34.8746
35.679478
30.583078
27.40155
28.160238
27.9616
28.394674
29.687582
30.526821
28.201365
35.10148
30.384052
32.350574
32.907803
30.114689
31.246237
27.298288
33.07755
31.377829
29.48955
27.241255
28.385462
29.53336
31.406986
29.799137
28.845852
31.345968
33.356945
29.462633
33.71165
29.28706
29.166626
29.407393
28.98294
31.674673
31.579782
25.469263
28.241379
33.97604
26.861391
30.606945
32.54905
33.230846
25.72601
30.832045
30.307798
32.199135
32.789604
30.147022
26.28815
33.72741
28.342028
33.830193
34.64535
35.692837
30.830793
28.183506
31.959162
28.481873
31.785995
33.67739
30.074251
28.370783
32.19495
31.493399
28.403032
33.499985
31.990732
32.105972
27.516306
30.662716
28.255102
30.194075
26.42336
27.005606
30.63228
31.017368
31.827023
29.874002
35.11981
29.223232
29.925625
31.11775
29.31777
29.686441
31.399794
34.721874
28.546843
31.387362
30.096584
27.694641
27.36284
33.911896
29.657108
29.581884
28.846653
32.76014
28.022123
31.44489
28.309406
32.241764
28.516684
34.682404
29.580292
30.00691
27.842987
28.961802
26.846254
32.31497
28.92621
28.670984
32.838383
29.624908
32.07804
29.173082
33.671898
30.216661
31.667337
33.000828
30.130764
31.657135
27.566488
30.231497
30.690914
28.406046
29.930206
30.916582
33.910637
29.41098
26.9201
30.537981
32.83665
34.322044
29.415863
34.08708
31.641384
31.74255
24.99174
26.310913
33.83218
32.969147
29.588724
26.261404
33.279655
29.657803
29.588434
31.494068
31.61239
25.322605
32.580017
30.776842
32.20324
28.875103
30.399591
31.214993
26.96408
30.066814
31.90231
30.606714
30.34042
27.472507
33.6266
30.760834
32.099693
27.64365
32.5548
30.402021
31.571436
26.999247
29.48623
30.78996
27.838583
28.622257
31.181307
28.517294
30.902645
30.017515
33.183685
33.489075
28.213322
33.743805
28.446585
29.950089
34.856907
30.211533
29.711788
31.115892
30.736698
31.967752
29.211552
27.687181
29.498058
29.36783
30.611227
36.357197
31.146166
34.999012
27.265202
33.438896
27.141039
31.287266
27.974705
27.382887
30.698286
29.00188
28.879242
31.591696
28.566092
29.88425
30.634699
28.627995
29.826612
28.81077
28.305204
31.215193
31.95811
27.106302
28.138624
36.17117
32.627743
27.33569
30.678745
26.67326
33.69721
32.772045
32.521152
32.666267
27.569426
32.058468
26.383907
32.293667
30.901407
30.334309
27.001293
29.565203
27.001844
30.955725
32.709217
36.167236
31.40653
29.093618
34.465298
29.386383
28.119764
33.53324
27.117079
30.548147
27.692118
33.64333
31.768724
29.40708
32.40067
31.888014
29.437637
29.599072
28.994688
32.261105
28.903177
25.904829
29.954355
34.668327
29.84105
25.489712
36.532875
31.573233
28.944473
28.295996
28.022486
32.190254
28.022434
32.63705
35.60917
28.018118
33.806892
30.223452
25.35462
29.384033
31.603281
27.3062
29.731047
25.957811
26.407637
34.161423
31.621847
29.476532
30.229753
28.539066
28.744354
30.937893
29.220922
29.330744
32.22257
30.016018
30.172438
27.854397
27.37793
26.62124
27.837284
28.33023
32.119335
27.534565
34.659176
27.705967
30.84796
31.204798
32.865833
29.734715
31.084963
34.838737
30.456972
28.925951
35.250423
30.023712
29.435635
30.578714
31.12204
28.687563
32.071342
30.921343
31.590656
31.060472
26.543802
25.484324
28.527407
31.695312
30.918901
30.27947
30.761784
28.55073
29.580767
29.454538
31.569399
33.49708
25.884935
32.790447
29.300184
32.239033
27.124454
32.947002
32.00558
35.427174
28.757809
31.091684
28.917389
26.05141
29.047863
26.114855
28.687939
32.179768
28.827946
27.772726
27.62086
27.215107
32.35686
30.621899
28.01849
30.353186
29.334246
28.775423
31.683624
32.708523
35.304222
27.01248
32.13251
36.257915
27.980085
30.37186
28.494947
34.290478
32.17116
30.983212
30.972713
32.280666
29.375414
32.41995
33.755306
30.696058
27.522202
28.240908
25.20647
35.373375
31.965586
26.671543
32.01434
27.310032
33.14513
30.764256
27.481627
29.705103
32.50825
30.255835
27.03717
28.41418
29.488773
31.144215
30.30519
31.531582
31.682892
27.652449
33.13152
27.067333
31.663815
27.645422
28.347944
28.862894
33.74015
26.866028
30.433485
33.08268
31.990234
