0.55939925
0.6262156
0.70607704
0.65106475
0.64853513
0.7967435
0.7307746
0.6565224
0.7284497
0.77674097
0.7761789
0.7137906
0.7367541
0.6878889
0.70972186
0.75322425
0.79298973
0.69479406
0.76597613
0.75137603
0.8666783
0.80784714
0.8279058
0.79215497
0.7307847
0.79835194
0.71264166
0.7594182
0.7324808
0.8101478
0.74464875
0.8531802
0.6993701
0.7981509
0.7979174
0.78857374
0.71438843
0.7888463
0.7551986
0.81649417
0.7036405
0.74820966
0.7153451
0.7463282
0.7107724
0.78454465
0.8017143
0.7681627
0.75045395
0.7648593
0.8032401
0.8326674
0.7837642
0.86829364
0.7750336
0.74978065
0.79599446
0.7313834
0.7176307
0.77641815
0.8748094
0.7769471
0.72869426
0.8002817
0.88201207
0.76852936
0.82817495
0.8245601
0.7921234
0.72579855
0.7352477
0.8556782
0.8055381
0.73937714
0.7696349
0.8186889
0.7779605
0.74421215
0.7755989
0.76077014
0.70294684
0.8230753
0.7597355
0.8746139
0.7965168
0.72900635
0.8576418
0.73175365
0.7510706
0.7811349
0.7849973
0.7642287
0.76379806
0.75298655
0.82810307
0.6951102
0.8675459
0.72459096
0.6799603
0.78375894
0.6983813
0.8093947
0.8225976
0.8111109
0.74174076
0.7204274
0.8093778
0.78519154
0.83202314
0.81395584
0.71973866
0.82633626
0.7133147
0.7734806
0.69629997
0.78956807
0.7581762
0.77001196
0.84633625
0.82720894
0.74210656
0.8268848
0.65823257
0.79991657
0.71307284
0.6965757
0.79419273
0.8312105
0.73993695
0.8165065
0.77281255
0.8236276
0.7561541
0.7964028
0.7733969
0.72609967
0.78777075
0.8538002
0.80509377
0.8020439
0.7526147
0.8208758
0.7543368
0.8276299
0.74037755
0.7272148
0.75901556
0.72923046
0.81222385
0.6993415
0.79433376
0.7159826
0.771823
0.828823
0.82210815
0.72251505
0.7446737
0.7614588
0.8117447
0.7290441
0.8125602
0.8234663
0.84083885
0.74298805
0.7702835
0.7740733
0.7131667
0.7553612
0.7955938
0.76493543
0.80099267
0.6734577
0.8176064
0.8193506
0.76006085
0.81115425
0.6977362
0.8452943
0.8373206
0.7870799
0.78460693
0.85273486
0.75448424
0.7315962
0.81852275
0.7433361
0.761
0.68651783
0.73826325
0.8568693
0.76230377
0.7948974
0.82353073
0.81809443
0.8350195
0.722252
0.8621735
0.814844
0.7220383
0.7596048
0.7749447
0.8728856
0.75954586
0.7870297
0.7864613
0.8067218
0.7807614
0.8098172
0.7168678
0.8147472
0.80908257
0.7326087
0.81611645
0.77260494
0.7906005
0.80902874
0.808598
0.76462936
0.76795906
0.797194
0.7033187
0.75028527
0.7715931
0.81212837
0.8424711
0.8365063
0.85769135
0.81299156
0.85902065
0.77595913
0.77510697
0.76279944
0.7290263
0.85688865
0.7742967
0.7025486
0.7583508
0.847973
0.7472781
0.7623702
0.8257273
0.8006474
0.80360925
0.7545602
0.79424626
0.8626401
0.7084028
0.7843738
0.7880831
0.8502777
0.7650742
0.7707519
0.7056026
0.8101
0.7847977
0.7922589
0.82083267
0.7286973
0.8685295
0.8857298
0.83362865
0.8634738
0.7114789
0.841957
0.8186944
0.8255668
0.80771405
0.8747262
0.7769257
0.7114543
0.6801142
0.77887565
0.725314
0.8582844
0.86324424
0.8414996
0.79924583
0.75313044
0.8679409
0.69399166
0.8582144
0.7767106
0.83946335
0.7510371
0.6406291
0.8452234
0.7213847
0.85061836
0.801357
0.8133586
0.76206845
0.8121146
0.83625454
0.7607148
0.7311427
0.83162206
0.7884918
0.79979146
0.81479234
0.74458885
0.76565635
0.77392006
0.750382
0.7263703
0.749539
0.80832255
0.80598
0.7775976
0.82769024
0.7303084
0.8741932
0.801086
0.7933054
0.71655625
0.7751905
0.78486335
0.78376496
0.81820095
0.80745465
0.65091676
0.81723195
0.8228308
0.8062705
0.7399164
0.87540525
0.76233006
0.7765581
0.7403784
0.6888447
0.766716
0.7518793
0.7584378
0.69019157
0.8185734
0.73388666
0.74201494
0.73758084
0.81218773
0.8028821
0.7655544
0.8284578
0.71517557
0.7681459
0.7916299
0.85870993
0.7553802
0.8539814
0.80892944
0.7572336
0.7413737
0.8257302
0.7915836
0.83052933
0.7878379
0.73617136
0.7975573
0.79931885
0.7372586
0.77213097
0.863411
0.7734909
0.82086223
0.71209735
0.7185404
0.7759654
0.86945915
0.71312386
0.7520795
0.84877545
0.8192115
0.7561669
0.8054323
0.7340018
0.7459858
0.7219926
0.7861921
0.7683306
0.80632937
0.7865848
0.8338515
0.7853554
0.7936977
0.8507606
0.7962042
0.82558006
0.7022067
0.7174662
0.78283244
0.83183295
0.8186498
0.76009685
0.7849664
0.79305965
0.81250966
0.71097225
0.8062457
0.8198682
0.86940384
0.8503137
0.7252072
0.79872316
0.81901836
0.7519866
0.73106986
0.7870418
0.8533363
0.7292058
0.7594412
0.73771715
0.77804214
0.7189541
0.76406157
0.79847157
0.78804505
0.7266284
0.7222301
0.8123754
0.6827525
0.7798118
0.80897605
0.8076353
0.8060635
0.78206825
0.81368935
0.74855715
0.7203716
0.8382611
0.7651288
0.7822595
0.85331905
0.8142339
0.7644168
0.70324993
0.7785846
0.7546754
0.7444683
0.8424128
0.79346913
0.8610291
0.72219247
0.76838005
0.7307792
0.7761865
0.74876225
0.7570459
0.8053803
0.77299607
0.7560583
0.85196984
0.8330013
0.8637305
0.7827154
0.83668804
0.78343993
0.7155959
0.7482406
0.7868226
0.8503756
0.8271981
0.76972157
0.7704471
0.74625236
0.76926845
0.74045277
0.74586594
0.7157893
0.8536717
0.8284534
0.7102169
0.6768835
0.8027133
0.70132935
0.86032856
0.78631824
0.740455
0.817109
0.7829631
0.8057246
0.7899934
0.75373036
0.8421255
0.7577917
0.8066713
0.8014768
0.78741753
0.8200068
0.7635812
0.8191312
0.68937767
0.7971333
0.8189321
0.7015985
0.8052489
0.8121892
0.7950031
0.75325745
0.78533787
0.7985945
0.7414194
0.7503005
0.7966148
0.8080476
0.7543248
0.76602787
0.83366585
0.7641757
0.79397386
0.83100563
0.8436756
0.76794964
0.80695015
0.73997825
0.70801014
0.779626
0.7986416
0.79100513
0.80083
0.6966058
0.8054107
0.82571954
0.7925807
0.7544437
0.78501064
0.8431992
0.7618666
0.815168
0.8199555
0.81017506
0.8655652
0.7888047
0.69388443
0.8423707
0.8187057
0.85726845
0.7590202
0.73609024
0.84327716
0.7559057
0.79695666
0.7546369
0.70447105
0.7702959
0.75311345
0.7716728
0.7177087
0.7532263
0.7984242
0.7751199
0.83483356
0.8271092
0.7709969
0.7916276
0.7650337
0.7661248
0.7823869
0.8159523
0.76642853
0.7785582
0.7299853
0.7873779
0.69001323
0.84436274
0.77287704
0.7012013
0.73459846
0.77484685
0.7028656
0.771296
0.82611984
0.7268204
0.8174206
0.8060447
0.78409797
0.7659408
0.72692096
0.79638535
0.85268164
0.86696666
0.79638386
0.7727657
0.8298768
0.8441003
0.87045014
0.8337293
0.85281503
0.7419096
0.7154806
0.791022
0.7678172
0.8508817
0.7730921
0.7638303
0.8715547
0.84810734
0.7078721
0.77707416
0.74009424
0.7782169
0.72679436
0.87281436
0.74236023
0.8142769
0.86133945
0.76503694
0.8089122
0.8146574
0.7522896
0.7742996
0.8637496
0.78966504
0.9003869
0.84687966
0.8210407
0.85335433
0.81509006
0.75063664
0.84004277
0.8149357
0.80097264
0.79675716
0.7624696
0.7547421
0.84199184
0.7607509
0.78056675
0.83805645
0.74573565
0.78063285
0.87037003
0.8105641
0.809557
0.75452435
0.6826758
0.75626427
0.77786386
0.8184148
0.8209257
0.73133856
0.7978781
0.6987089
0.7048679
0.780115
0.75485706
0.71697617
0.73135895
0.8310927
0.76629883
0.7941179
0.78919345
0.7442589
0.6956735
0.7992553
0.885102
0.8398176
0.7215552
0.8078417
0.8375737
0.7684159
0.7523241
0.77951926
0.8119583
0.6694625
0.8792651
0.818093
0.8114572
0.77196544
0.7050042
0.7552883
0.7590947
0.84584963
0.7923564
0.7788113
0.7867754
0.7412939
0.7640395
0.75734097
0.860546
0.8051845
0.84275967
0.75566953
0.7851571
0.7954661
0.77304935
0.821864
0.8035455
0.7514568
0.75274235
0.74950725
0.7636468
0.72703505
0.77460045
0.7280113
0.8296334
0.77397364
0.85337627
0.78671277
0.7611208
0.7257474
0.7536988
0.77054995
0.86963147
0.81193244
0.8004287
0.7098924
0.8470176
0.8063975
0.8295151
0.7395671
0.874364
0.771886
0.8328156
0.85057
0.7666606
0.78865474
0.84085643
0.7215861
0.7724395
0.73377186
0.81687546
0.7568628
0.80933887
0.79382324
0.8107244
0.8728827
0.69233745
0.80019855
0.90108997
0.8661917
0.8120883
0.82107544
0.7927765
0.731337
0.84968716
0.75171393
0.74496216
0.77842504
0.8618149
0.79140943
0.7948145
0.73655266
0.83300036
0.7916749
0.73238075
0.78066117
0.78267765
0.8233446
0.80912083
0.78989583
0.8258716
0.7415091
0.777079
0.75594753
0.78903973
0.77406216
0.82257307
0.7995884
0.8640712
0.7326646
0.8373318
0.742155
0.877819
0.7950183
0.70028454
0.69008315
0.78132206
0.76082623
0.8415384
0.76610917
0.7269139
0.72203887
0.73761314
0.7786046
0.7632747
0.79753023
0.7896031
0.7532805
0.79311883
0.81311446
0.81424344
0.78042954
0.73935825
0.7300381
0.8439781
0.8824679
0.7284403
0.7738187
0.75848633
0.84287995
0.7680744
0.83119154
0.7078475
0.7227474
0.85154504
0.79723454
0.81172764
0.7700917
0.7418404
0.7672811
0.68818134
0.7661968
0.8343025
0.83035904
0.8769742
0.8311416
0.7123572
0.7315566
0.79988825
0.76644135
0.8528347
0.8030623
0.76708186
0.7073732
0.72732747
0.71137553
0.8158454
0.86654663
0.8201351
0.71690613
0.7842885
0.76853454
0.78718334
0.80808145
0.8524203
0.8225012
0.78729206
0.803518
0.86445904
0.8292302
0.81429577
0.7453176
0.79371125
0.8399571
0.83616537
0.8014531
0.7372402
0.8429022
0.67524326
0.7930274
0.75878537
0.72619915
0.7583297
0.7140035
0.8667923
0.8108984
0.81280124
0.79726124
0.7705981
0.7814441
0.78307396
0.7483637
0.85055196
0.7371625
0.743365
0.79805076
0.744824
0.77875084
0.7109636
0.8138811
0.81916296
0.8328298
0.83758
0.85173595
0.7844734
0.78664505
0.80321926
0.7958482
0.78641427
0.75190586
0.76393306
0.8080546
0.74339426
0.7928428
0.7372807
0.8184718
0.80416244
0.76387554
0.8031245
0.8788748
0.7283011
0.7419246
0.8314085
0.840182
0.8268028
0.7351212
0.76755375
0.8478181
0.8176195
0.7089614
0.75493705
0.8016435
0.7543005
0.8529886
0.78849643
0.8128201
0.8391537
0.80051607
0.8188095
0.84778625
0.72204167
0.8005196
0.8295998
0.8437357
0.7716176
0.6797692
0.8595691
0.8328728
0.76246536
0.86822045
0.77723503
0.8622498
0.78018963
0.8245248
0.8811924
0.74883366
0.8278722
0.84759605
0.7474676
0.8552141
0.82142925
0.8457255
0.82729
0.81021434
0.7712025
0.8516099
0.77462345
0.88225067
0.7891032
0.8666385
0.7331638
0.7547181
0.82219285
0.7742234
0.7850786
0.75688076
0.7972482
0.8565875
0.79014975
0.75838476
0.84991676
0.75565594
0.723997
0.71532375
0.81466895
0.79436725
0.7936731
0.744124
0.7034273
0.70359486
0.8451639
0.78552103
0.74745446
0.87217915
0.7861284
0.7970489
0.79653996
0.71696806
0.73827034
0.7265725
0.81184345
0.8110098
0.8244988
0.7825128
0.7544408
0.8262951
0.75288707
0.82840127
0.8164877
0.85267794
0.81690913
0.8331865
0.7366576
0.7981191
0.8094304
0.7601573
0.81571376
0.7899833
0.8130108
0.75583124
0.70308834
0.8274062
0.76239353
0.7723589
0.7257434
0.76700634
0.7953643
0.8612852
0.8334175
0.7850992
0.85521036
0.8371833
0.8133521
0.83022743
0.79267913
0.720784
0.76047665
0.7550456
0.7644197
0.7974008
0.82049906
0.89460146
