689.20465
355.83957
291.71344
264.0313
246.80801
231.21411
225.88449
223.978
213.47163
214.57841
202.84897
203.8497
199.4352
200.03397
194.56552
192.29178
191.97641
190.98193
188.55313
184.17302
185.47787
183.6668
183.00766
181.2218
182.82635
179.47739
179.90764
179.65219
178.47813
175.55678
175.19524
176.54582
175.37419
176.02982
173.69359
173.75311
175.86375
173.80736
173.02443
174.54338
174.48929
172.21457
170.85176
171.24104
171.49065
172.62056
168.98552
169.97162
170.06824
169.0389
169.1664
171.76495
170.0596
170.00528
167.60085
169.02841
169.38336
171.09137
167.20284
169.4964
167.9828
166.57083
165.60606
169.4517
164.92952
168.91052
166.66554
164.86897
164.8721
166.9693
164.07436
165.75546
165.64499
164.8722
162.84549
167.51292
166.61617
165.25482
164.12434
163.55621
161.63132
169.14352
165.60536
164.95164
164.66853
163.49248
162.17348
163.45645
162.75313
162.97917
162.72235
165.48883
160.63318
165.95125
161.33885
166.21356
162.7397
163.82558
165.18037
159.8855
163.23753
164.9203
163.75693
163.15256
162.1518
162.22438
162.3234
162.81891
160.75934
163.21468
160.8608
161.24225
161.70654
160.55237
161.33224
164.85329
156.45302
161.14037
161.40897
159.19456
161.65633
158.7681
162.77457
160.45076
162.71443
161.06955
159.6629
160.08986
161.18744
162.02979
161.62747
161.10014
162.0299
162.46718
158.79268
159.45634
159.52037
159.83913
159.82578
159.17232
159.54242
158.17586
159.58844
162.25877
156.21318
162.0622
157.63147
161.09291
159.87718
159.15524
158.30284
159.40709
160.07668
155.38283
159.35349
155.81587
158.34546
162.50665
159.31699
160.91705
161.00473
159.13861
157.71872
156.90651
156.74797
159.46347
156.31737
156.54614
159.1525
157.25458
156.45041
155.75635
155.66173
158.1278
157.56902
156.35858
160.58647
159.37784
161.67992
158.60097
158.15741
156.58507
155.45111
159.44685
157.75204
157.94763
158.0341
157.5462
155.05432
157.69655
157.46779
157.54012
155.19078
159.398
157.53247
158.02155
157.13008
157.449
155.37271
155.09416
155.63542
155.10031
157.33653
158.39793
157.22095
158.42152
158.31476
156.6354
153.07428
158.0864
156.62033
156.95242
157.97311
157.60744
155.29701
155.55685
153.90901
158.95564
158.05815
154.28879
156.01965
153.76257
155.24223
156.3076
158.0024
157.40433
156.51743
156.58716
157.54709
154.69939
159.2812
155.39885
156.23436
157.74408
152.84842
153.37451
153.34085
155.4421
155.9918
156.95302
156.02841
154.87576
157.3555
155.35141
156.73737
153.06108
155.7572
157.18442
153.34047
153.58606
153.4352
154.70439
154.15942
155.16742
155.7032
155.77092
153.0265
156.58266
157.61116
151.75966
155.22076
155.04193
153.16747
154.32242
156.1294
154.9566
156.86298
157.16335
152.72858
153.33191
155.81438
154.70686
154.89517
153.61047
157.00209
154.0616
153.74626
156.24123
154.33308
152.75195
155.26999
153.50981
155.72552
154.87633
153.00957
156.02184
156.21925
154.62431
155.87172
153.71376
153.55096
157.0384
155.46059
156.13359
155.38196
153.97664
154.63367
156.8173
151.38002
155.50526
153.99211
153.25949
155.8635
152.5169
154.68668
154.50989
154.51154
154.67065
153.5628
155.19913
149.94048
152.67538
153.27985
154.4653
153.94441
153.78665
153.48195
155.84778
155.31427
153.535
152.53914
153.97154
157.54196
152.10115
154.52292
151.40288
154.4695
154.84775
155.21436
152.21475
150.70789
157.06992
152.40953
153.4025
155.48329
152.76927
153.13206
154.72527
154.74345
155.43607
154.31703
153.99046
154.44693
153.05511
154.12184
151.25587
155.1472
153.18097
152.87119
155.16241
153.76346
154.22159
154.34349
151.67688
151.98553
151.47533
154.18134
152.02931
154.0881
155.53676
155.14952
152.81055
152.87791
152.82632
152.04117
157.79941
153.32387
153.49835
154.01607
151.17093
154.02756
151.54779
153.43019
153.97052
153.39218
154.88667
155.31442
152.64253
155.94856
149.76767
152.53964
154.27002
153.17453
152.58044
153.68141
154.45732
151.39937
151.11919
151.30507
153.50629
150.43736
150.37057
152.6444
154.03096
152.9923
149.81982
151.72977
152.98198
154.23683
154.38133
157.06711
155.53642
152.19423
152.06717
153.28508
153.0906
155.44212
152.99933
153.69609
153.6075
155.29378
149.79103
153.50002
151.41736
152.26999
152.41441
151.83727
151.82239
154.3697
153.29161
151.755
149.9894
152.49953
149.16948
151.46498
153.22675
151.22528
151.83513
153.93315
150.16997
153.94028
151.40279
152.18083
155.2097
151.0126
150.39882
151.1694
150.56126
155.13474
153.99692
156.19887
153.1184
151.00185
153.55759
150.31638
152.17732
153.16457
153.46504
151.02332
149.42384
152.26166
153.04044
152.95131
153.92613
151.74057
152.20584
154.5499
153.66068
147.18408
152.29474
152.16588
150.72871
150.7498
152.02132
153.29619
150.40417
151.95705
153.66171
151.5215
153.0431
151.77661
153.62823
156.11458
152.21507
150.30653
154.01562
149.81578
153.76862
153.71419
150.51013
153.74017
148.05067
152.4092
154.1245
150.8958
153.33221
151.23506
152.62366
152.69997
151.779
152.9126
154.78033
152.41603
149.80295
153.51349
153.3755
149.62946
151.70074
154.30354
150.5805
149.47603
154.7032
151.29172
153.05473
149.65353
151.9727
150.78506
151.23714
150.57721
148.73349
152.20734
151.19162
150.16136
153.23132
152.566
150.80342
152.12006
151.08868
151.02002
153.37389
153.0745
152.28658
149.88133
151.4786
151.37595
149.09758
152.07446
151.36127
153.35573
153.73547
149.8797
153.32869
151.60652
152.20119
149.02145
150.59715
152.48181
151.67253
151.89592
152.18846
151.82562
148.74834
151.4998
155.26187
149.02509
152.434
153.68756
151.52794
149.87184
151.11415
151.71922
153.35402
149.44325
153.34149
152.46301
151.77687
151.87587
152.19608
151.35194
151.54016
150.32933
150.0275
151.8976
149.29227
150.57051
150.34612
150.20064
149.9908
150.2949
151.01166
152.5884
148.73763
148.96068
150.71947
152.70448
151.43373
151.48491
152.83714
150.71419
151.61398
154.54048
150.84766
148.43282
149.69943
156.01894
150.33156
151.06232
149.14668
147.96785
152.14984
154.66098
150.45099
150.74576
150.03946
151.19821
153.43484
150.64745
151.1649
149.9585
154.01682
151.5541
149.4393
150.74643
149.64677
150.61636
153.55984
153.43521
149.86128
151.69757
149.70395
151.24113
149.27953
152.51476
149.74333
153.96999
149.9497
150.45451
152.10696
149.49428
149.42693
150.85542
153.88571
149.60779
151.42807
150.2721
150.12215
149.76913
151.15427
151.71356
153.09961
150.94167
152.51883
150.17078
152.96097
149.4311
150.92789
150.96072
149.71806
150.69722
151.00162
149.65082
151.58293
148.70982
149.55077
152.7253
151.96884
149.9111
150.13647
152.02107
152.18494
149.7326
148.22583
149.1324
152.71808
148.82698
149.36885
150.45433
149.67221
151.27933
150.389
151.68661
148.33061
152.4765
149.4456
149.50385
147.15942
148.96228
149.63422
148.46217
148.22198
152.1049
148.09305
151.83089
149.78482
150.99376
149.97163
152.93466
149.93538
150.52638
148.63777
149.9732
149.33417
151.26982
149.3173
150.36253
151.13136
147.56322
148.60231
154.1822
151.78273
151.12584
149.83932
150.03954
148.72408
146.86284
150.6355
149.18285
150.69647
151.6125
148.7396
151.1245
149.14075
150.71716
149.11575
152.10593
148.63269
148.50592
150.17763
149.00067
149.72476
149.79826
152.37823
152.3454
150.07721
150.10837
150.22108
150.14049
150.58418
150.64606
152.07812
152.334
149.8583
148.09938
146.89543
150.73436
149.01468
146.20659
151.53615
146.47023
150.0759
152.11755
151.41945
148.92853
149.84673
151.2962
148.85724
150.2551
148.7523
151.93503
147.67653
149.1421
150.75066
149.23254
149.96535
147.77544
152.16034
149.79166
148.11923
149.1993
150.38716
150.86844
151.43857
147.12547
151.44156
152.41145
151.45586
150.53943
149.63828
149.19502
147.65256
150.82193
151.25673
148.02786
150.2487
149.39894
145.5537
148.49152
148.35042
149.82576
147.12506
151.76881
149.59938
152.15364
149.81978
150.26546
149.60875
150.57524
148.4309
148.58777
150.68102
150.85025
148.72704
147.98956
147.12079
150.93964
149.22293
149.02412
149.93367
150.35904
148.94884
147.28296
150.3759
151.18677
150.9322
149.30782
149.91386
150.58975
149.37305
150.61078
149.2457
150.69789
148.18088
149.15106
147.89021
149.11772
149.61856
150.84279
149.78813
151.5746
152.17021
148.1027
151.63913
148.35387
150.21259
150.25075
150.53026
147.09297
150.33891
150.1869
147.61383
151.56522
148.74336
149.48389
150.94122
150.22858
149.01933
151.35097
148.21233
148.76344
149.36908
149.49501
148.80885
151.4702
146.55333
148.47104
149.00534
147.37445
145.57368
147.67924
147.23671
147.91533
148.0474
147.77838
146.63374
150.2074
150.0008
148.84654
151.3046
148.4079
149.61734
150.00395
150.06798
149.42079
148.98378
148.04292
148.84702
151.83554
148.8574
149.53136
147.17177
148.6295
153.0188
148.75133
152.61354
150.48389
151.52393
150.56772
148.23021
150.63927
146.27885
149.79817
151.2392
152.51051
149.2372
148.72702
149.88658
150.99278
149.1117
146.43471
150.00906
152.46332
150.47115
149.65077
150.46509
149.80397
148.36603
148.20786
151.96933
150.36182
149.06139
149.5495
150.33975
152.31418
150.2616
149.613
149.73163
148.69496
149.16313
146.82632
149.8372
148.93607
151.37589
150.92026
150.1361
150.50044
148.4178
148.88686
147.20042
150.6994
149.30333
151.8799
152.5553
148.28629
148.14203
147.72691
145.30774
147.10663
147.30606
149.17485
148.90765
146.6881
147.92635
150.16234
151.30238
149.44965
150.21204
149.0653
151.68909
149.27296
149.18361
148.05453
147.6864
147.94165
148.94705
147.97406
148.56111
148.70808
148.54115
151.98225
148.12137
149.65169
149.86534
149.89488
151.83832
150.1042
150.59915
148.57304
144.58131
149.63023
147.1254
150.79254
149.99228
147.82117
151.28394
147.3458
149.98055
149.46347
147.4189
148.54942
147.61351
149.87433
146.33934
149.87198
147.06416
149.7787
149.76143
145.9324
148.37183
150.88615
150.04117
149.26164
150.19041
148.75099
149.585
149.67795
148.64125
152.85704
149.08467
148.07451
149.0709
146.17603
151.8083
148.11366
147.90399
150.55725
150.92992
152.14825
149.90451
147.78676
148.51437
153.16164
146.3184
148.33147
150.2691
148.20422
149.51775
148.46793
148.80914
149.58777
149.52667
