665.91284
346.2408
287.36798
261.93863
238.19402
228.8379
224.95572
219.62924
211.76825
209.39993
204.71251
200.45546
196.24287
198.91948
188.1527
192.07193
191.21179
188.80434
185.8601
184.77383
183.13776
177.87592
182.60263
182.78957
180.73248
178.95749
179.4358
177.08434
178.82326
177.93195
178.13979
172.4867
173.19151
176.31578
175.23839
172.07137
173.76355
173.9182
172.49678
170.52966
172.25667
174.91373
169.54324
169.14983
170.59998
170.95679
171.14325
170.38692
168.3258
168.00723
171.36943
171.7621
168.17653
167.37907
170.72821
168.38872
170.57065
168.01152
166.2759
167.11212
165.47693
169.38962
165.65974
167.8791
164.51656
166.3726
168.91158
167.32735
164.6137
168.59904
164.568
164.97345
162.32524
168.59193
165.9798
165.92319
164.82904
164.29626
164.99179
164.50339
165.5683
164.123
164.40048
165.28001
163.84723
163.08661
167.1282
163.23508
163.61314
163.08008
161.11717
161.68796
165.02531
165.4173
160.65265
161.15927
164.33925
165.74496
164.65924
164.70091
165.00676
164.4584
162.71991
159.02596
162.25345
161.41328
159.53911
162.01309
158.00453
160.62561
162.27522
161.03256
162.59612
158.11678
160.60301
162.07727
161.66562
162.7267
157.31987
161.72516
158.60255
160.7753
159.79613
158.1646
157.60031
159.1133
161.70885
158.7246
159.86502
157.67836
161.00352
158.51894
162.49722
159.91246
160.50508
160.38463
159.91486
162.04962
160.77263
158.13528
161.19159
161.20673
159.47911
156.94884
158.41805
159.60341
158.07674
158.71898
160.10683
158.74712
159.31265
156.272
156.80376
160.56183
161.18668
158.10019
158.85309
159.103
159.22145
159.25316
158.469
159.319
157.8933
159.36548
160.5257
156.09357
153.89723
158.84288
160.69537
156.10818
161.55325
157.39594
158.1072
156.88388
160.29907
157.67072
157.85374
157.15834
157.76065
158.42482
158.22266
159.86388
158.71953
155.04237
156.99239
158.69539
157.23863
157.92932
158.43916
156.16496
156.57173
153.07173
159.29926
157.95404
159.03477
157.33513
156.80043
159.38426
157.94713
158.26027
159.1161
155.14307
157.55759
155.98936
153.90251
157.79156
156.8479
154.84035
156.49797
154.68597
156.12965
155.40868
155.01936
157.80956
158.01294
156.13187
155.75845
158.79384
156.25069
156.20123
158.87514
156.01082
157.06071
154.91705
156.16676
156.72227
154.96524
158.6833
156.7385
154.22105
155.56503
156.12753
156.84842
158.65016
154.07903
157.97195
155.38782
156.0236
156.32898
154.09499
154.38635
155.79112
154.24289
154.43283
153.12976
155.3941
153.3221
155.03023
156.49629
155.82794
156.75757
156.26888
155.93654
155.89442
155.18024
155.16956
155.49538
156.5388
158.27353
155.94838
153.01149
157.0306
152.87585
154.98482
155.37222
155.22643
153.87573
156.16568
153.14262
153.44417
154.43939
154.58858
152.07224
153.511
153.2083
152.58173
152.90244
153.43631
154.4474
155.21663
154.73715
155.096
158.49242
154.55145
154.04697
153.85117
153.29143
159.70462
154.71774
152.4171
157.94962
155.19115
153.2957
152.60341
152.54036
152.76111
154.20297
155.3757
155.31682
152.86351
155.1037
154.25722
151.35524
151.0237
155.5591
153.09554
153.26343
155.53658
155.14478
154.61655
155.36346
154.94922
153.95892
154.67378
155.13104
155.99794
153.37979
154.09564
152.9371
155.88356
154.5616
155.69887
152.9417
155.65321
153.2033
153.52504
154.1075
153.32411
152.10255
155.2117
158.63107
151.6376
153.68405
157.52664
152.94348
154.13237
152.2177
154.10825
153.77501
153.87704
153.5496
153.57759
153.71179
152.76787
154.1382
152.48883
154.70755
152.96796
154.42204
153.76857
155.04485
152.67227
152.26036
152.75839
155.19298
154.55855
154.35136
152.82631
152.17992
149.37733
152.2346
152.4401
153.2598
153.52863
157.28777
151.28374
154.66388
153.18077
151.12617
152.67346
152.995
151.40625
154.79375
155.08792
153.66182
156.32594
153.13652
156.73328
153.15733
154.60606
152.94632
153.32547
153.98827
153.28119
153.79689
153.85776
150.59125
151.529
156.12831
154.12933
154.20528
155.03764
154.65414
152.27106
154.734
150.93619
148.7371
154.40692
151.4722
154.63872
152.32335
153.01297
151.83578
153.00793
153.49042
154.19337
152.93518
155.3614
149.82417
152.65736
155.26047
155.12692
154.888
150.59422
153.72795
151.08717
152.16626
149.89062
150.13231
155.57971
151.46725
153.52444
153.60497
153.62808
152.0379
153.70831
153.44476
154.3803
154.9663
150.36026
155.19073
152.11258
152.10706
152.533
155.02382
152.47592
151.8368
152.31287
152.60562
153.72981
151.51208
151.56622
152.72043
151.33621
154.91815
150.8007
150.83704
151.3557
153.7675
152.63733
153.49551
151.9094
148.0905
150.54047
152.99846
153.31616
149.0297
153.99493
152.88112
151.64075
152.66972
153.92198
151.79817
152.21837
151.46944
152.3987
151.55537
153.20326
152.52394
151.17375
152.67973
152.0554
149.23213
150.27003
154.19286
154.64618
154.20299
151.07068
151.91771
152.27338
153.82788
150.80518
151.28304
151.07777
153.59317
151.63538
153.22162
150.99219
151.04219
153.8538
150.83742
153.1411
150.66571
152.70773
148.99663
153.39186
150.25269
151.50047
151.63974
152.08574
151.74135
154.34123
152.38269
150.01665
151.71628
152.31728
151.47824
150.8625
154.03535
155.61668
149.36032
151.19005
149.49799
153.1585
150.57394
152.36392
153.36356
150.15381
149.41434
153.28339
151.01231
149.90248
150.66998
151.03233
149.48016
151.70764
150.88493
151.98364
151.14757
151.90347
149.2427
149.1919
149.40709
151.15634
148.14838
151.68246
153.05879
152.8171
153.12767
152.63316
151.05547
150.3751
151.75998
152.60057
151.48627
152.48099
147.69914
153.92102
150.54173
152.51411
152.72052
152.00577
147.22186
151.08444
149.00726
149.65552
152.8738
153.38399
149.90434
151.92467
151.87679
151.83183
151.03099
150.28378
151.90181
150.67067
149.58228
151.90883
151.9319
151.18544
148.82928
150.84375
153.4148
149.15912
154.56883
151.27533
148.62642
149.89442
151.95258
150.60411
151.61914
150.27751
150.51457
150.83261
149.87555
152.51135
152.50383
146.5229
150.51852
149.91644
152.7644
149.26424
153.9249
151.78152
150.85359
149.7458
152.20285
151.89966
151.78836
148.63345
150.28207
153.0785
152.08247
149.57492
146.85536
147.95367
151.37358
148.25526
150.14566
149.40933
151.49995
148.07571
150.2497
150.62738
148.46529
150.45518
152.76857
151.0346
150.40187
151.1493
151.65736
150.47127
151.23224
152.94656
152.10303
149.72223
150.05763
150.11092
153.07549
149.63821
150.0264
153.68994
149.74886
147.9959
153.54968
152.86005
150.1586
151.90158
150.38629
151.2738
149.94974
148.82071
150.62636
146.44771
148.7379
152.63863
149.23763
149.21104
147.63132
148.1372
149.19376
152.77647
153.13673
151.14267
151.62593
146.77673
148.56693
150.96667
151.33221
150.7283
152.19273
150.52979
147.73277
149.21292
150.86195
149.19858
151.72368
153.83595
151.21964
150.30574
150.72311
148.67847
151.79942
148.57283
150.15744
149.44662
151.46605
149.56345
153.9249
151.65535
151.52145
147.93706
151.74269
149.12306
150.44992
149.29604
151.30515
149.15668
148.61433
148.92831
151.17284
150.62683
150.58913
151.32158
150.09431
152.16406
151.33107
150.14827
151.0256
150.78676
150.01778
149.49376
149.20262
151.46016
149.35893
148.74149
147.94603
149.37204
150.46538
148.538
147.926
149.5304
151.2722
147.87416
149.59438
152.40118
149.27304
150.97311
148.78723
148.21547
150.55074
149.3937
152.29733
150.6868
152.25021
151.32858
150.437
149.82874
150.8195
152.99388
148.30997
146.72333
148.9493
151.07185
149.90224
150.04494
152.19688
150.34386
147.62375
150.02022
147.87451
147.42314
153.40857
150.01723
147.8573
152.33969
153.25674
148.32953
152.35628
149.84247
149.80702
148.46698
146.5221
150.74715
151.60562
146.87866
148.84029
151.22517
149.76234
148.88692
148.2584
148.72531
150.41661
151.49313
148.77306
150.41258
149.47665
148.6451
148.10507
150.36848
149.34299
148.12392
147.64644
147.89499
149.19768
152.22205
145.99718
150.22153
150.5877
151.41461
148.50908
146.54643
149.58246
150.37062
147.49399
146.94585
149.23738
151.11043
149.17865
148.69923
149.1244
149.82242
149.97784
151.79889
150.57274
152.72658
147.61133
146.15384
149.30713
149.76006
149.80898
147.37254
151.19261
147.81381
149.95258
147.33524
148.84122
149.75363
149.03793
147.97289
152.27065
150.68025
148.52873
148.38329
147.83174
148.04865
149.70909
149.8924
153.50168
150.4399
147.47134
152.18193
149.3089
150.95876
149.30864
147.03592
149.89465
149.126
152.22333
148.39687
150.14351
151.51016
146.61398
151.6356
150.35709
149.25809
149.71744
152.38545
149.15015
150.04723
149.75244
149.92374
150.51886
150.51727
149.68893
147.91809
149.74359
148.1003
150.47806
147.36108
151.15454
150.22713
148.49825
148.19829
151.39635
150.77888
148.8942
149.54271
149.20416
150.18925
151.02094
150.92151
146.86984
147.01468
148.82877
150.13022
147.76291
151.61797
148.4471
150.925
148.54376
148.27069
147.54218
148.96603
149.12477
149.24567
150.75372
151.71497
145.43567
149.81406
152.13281
148.35184
149.27565
149.34337
147.6742
147.60152
149.66997
151.36041
150.34122
148.96063
152.86064
151.07565
149.06978
146.455
150.72739
150.19533
148.91934
149.11438
150.8331
146.43236
148.24396
150.89084
145.59189
149.0464
148.0084
149.67775
151.09813
146.4666
147.43452
149.02834
150.8734
149.04631
150.21507
149.29132
150.37788
150.74603
147.79787
151.12494
148.46838
150.77722
150.56013
146.14041
151.07462
150.60004
148.52548
147.81816
148.91777
147.69446
148.19203
148.68819
150.34569
146.0503
150.52602
148.97845
147.63377
147.96211
150.38686
148.45256
148.85559
148.39493
149.46248
151.25735
147.55328
147.75479
148.40977
147.04538
147.56313
147.77159
150.45854
150.61456
149.81393
150.94693
148.86916
149.91896
148.02927
149.2293
150.11046
148.98369
146.11356
149.5749
148.85095
150.1994
147.60359
151.61041
150.39426
148.9799
147.6845
149.9399
147.33359
149.58374
146.68747
149.01254
147.54141
150.53465
147.10437
146.45009
147.3357
150.32422
148.3069
147.83037
148.8921
150.78632
148.3205
145.43777
149.17955
147.44864
151.25595
149.77374
148.76155
151.10045
148.00958
149.24364
146.85037
147.50159
148.23465
148.45093
148.78069
149.63527
146.12415
148.4298
