13.163437
8.261578
7.8702025
7.6698475
7.510699
7.4084954
7.240593
7.278151
7.139369
7.1428647
7.0755777
7.058156
6.9572153
6.9539733
6.904621
6.8849344
6.849713
6.834026
6.870221
6.8256354
6.7692795
6.7337446
6.8282065
6.673266
6.7484164
6.6741185
6.657268
6.7459927
6.706098
6.618712
6.6709347
6.6525025
6.6560473
6.6076374
6.6236024
6.6222787
6.6304493
6.645815
6.585833
6.5868206
6.6390996
6.6331005
6.6077747
6.550987
6.6508574
6.563081
6.5341635
6.5560827
6.5740795
6.5733275
6.536145
6.5874696
6.471852
6.485087
6.5160103
6.6076612
6.5361776
6.491638
6.5219183
6.476361
6.496244
6.469672
6.5407343
6.5441437
6.454611
6.59833
6.515988
6.468797
6.500464
6.453446
6.513892
6.509265
6.484394
6.5029182
6.4956293
6.4932876
6.489106
6.4191175
6.4157887
6.4358683
6.4693
6.5163593
6.446002
6.5163684
6.4684644
6.491307
6.4624968
6.5117173
6.4760556
6.435465
6.45384
6.50753
6.470718
6.4207425
6.442646
6.4774632
6.435356
6.4692245
6.394266
6.44293
6.377397
6.4451437
6.4423094
6.45066
6.4286284
6.4148645
6.3425508
6.4638076
6.411541
6.371215
6.477025
6.4396715
6.4227643
6.425932
6.3695736
6.368654
6.4187193
6.468526
6.5048428
6.4030056
6.3915873
6.3993077
6.471838
6.393497
6.40493
6.431319
6.381472
6.384048
6.3799825
6.328696
6.407459
6.4533606
6.350972
6.418704
6.423842
6.3658147
6.389736
6.3688717
6.44976
6.4284625
6.3387327
6.345196
6.3973813
6.3122168
6.431027
6.416844
6.3334074
6.3210964
6.363694
6.3635626
6.364039
6.41376
6.3538136
6.382681
6.3592386
6.353337
6.3886175
6.396565
6.383854
6.413673
6.2672467
6.3893957
6.37769
6.424959
6.388229
6.3449445
6.3781476
6.3196673
6.359918
6.308521
6.3763275
6.294617
6.3684874
6.3021646
6.407455
6.365607
6.30955
6.3625093
6.3679743
6.3569665
6.386926
6.3711987
6.3528433
6.363846
6.3553095
6.3655844
6.428752
6.2893434
6.3659267
6.3540583
6.3074927
6.3625045
6.3765054
6.3147125
6.3785
6.3796825
6.3962197
6.3662796
6.242518
6.3319807
6.3211603
6.341393
6.3004165
6.3485947
6.3105474
6.3078027
6.3110247
6.2912016
6.3159122
6.288008
6.375786
6.2972336
6.322679
6.359711
6.203955
6.281785
6.306624
6.295597
6.368213
6.3556757
6.2838926
6.285165
6.330766
6.3136687
6.34116
6.2382393
6.2250595
6.2841616
6.2912383
6.3333864
6.300491
6.307705
6.239265
6.324517
6.3042994
6.289115
6.393836
6.3081107
6.3539414
6.249902
6.304273
6.3023725
6.2864127
6.2905955
6.3176146
6.250764
6.1879616
6.2430444
6.3037744
6.3005123
6.3402567
6.319355
6.2732406
6.3132076
6.2680454
6.3379827
6.3099933
6.3427715
6.341293
6.242123
6.2705727
6.25396
6.266756
6.288465
6.262003
6.3165927
6.2980113
6.2284784
6.2417397
6.249863
6.322895
6.2085986
6.254742
6.319987
6.305436
6.2482314
6.3103685
6.191654
6.305362
6.245937
6.3292074
6.2715263
6.3094325
6.3245306
6.2250757
6.2916327
6.2304034
6.2838545
6.220542
6.292778
6.3647847
6.3029575
6.3435917
6.2278786
6.2572126
6.271145
6.3371773
6.3001637
6.3259616
6.27789
