27.06062
27.698187
27.823694
27.933353
28.051067
28.255686
28.197638
28.418726
28.467876
28.518713
28.582382
28.597519
28.5973
28.699223
28.71609
28.740479
28.73901
28.734583
28.79776
28.823315
28.853107
28.835073
28.857098
28.857029
28.765747
28.869476
28.851536
28.964832
28.893667
28.863972
28.97435
28.961487
29.012487
28.977894
29.022533
29.003025
28.970234
28.98201
29.038996
29.025589
29.048258
29.066372
29.057215
29.076773
29.104773
29.121283
29.083975
29.076899
29.034311
29.105534
29.072973
29.11736
29.053448
29.117313
29.089405
29.108206
29.115055
29.10789
29.12244
29.087742
29.17007
29.132715
29.171295
29.113638
29.125498
29.11999
29.13985
29.142323
29.197079
29.173462
29.156092
29.025272
29.155603
29.181229
29.164715
29.156042
29.209692
29.20933
29.170639
29.119043
29.207256
29.194431
29.164795
29.191519
29.17041
29.20264
29.202702
29.241348
29.1768
29.195515
29.174936
29.194788
29.205444
29.231592
29.18746
29.246893
29.211496
29.257282
29.241068
29.218546
29.222498
29.227514
29.253117
29.21817
29.240688
29.242365
29.180445
29.251373
29.237356
29.215845
29.265808
29.24295
29.234772
29.175156
29.233114
29.239624
29.254257
29.194256
29.25455
29.262487
29.267105
29.266754
29.277832
29.274242
29.256435
29.237253
29.281841
29.2607
29.275333
29.29417
29.232769
29.26417
29.27032
29.26362
29.273138
29.276632
29.306366
29.274649
29.299805
29.27247
29.28078
29.290976
29.297052
29.284418
29.291779
29.29501
29.29131
29.26414
29.281055
29.299341
29.288824
29.305353
29.31651
29.216145
29.286316
29.278864
29.32037
29.313725
29.302378
29.295181
29.2579
29.304733
29.280743
29.289038
29.251963
29.27095
29.223309
29.319006
29.260822
29.31286
29.311865
29.31995
29.278845
29.301453
29.31074
29.29036
29.312372
29.311787
29.308392
29.303782
29.3219
29.312098
29.310131
29.285944
29.31692
29.32724
29.317682
29.340057
29.319107
29.31422
29.311594
29.35384
29.321209
29.32692
29.310093
29.306967
29.325476
29.303028
29.338196
29.329605
29.364716
29.360296
29.386929
29.366344
29.367508
29.391424
29.373718
29.372452
29.369644
29.377277
29.379688
29.377636
29.39003
29.389393
29.38442
29.376423
29.396027
29.37232
29.381958
29.393711
29.36727
29.381186
29.391932
29.382925
29.39091
29.395315
29.376022
29.372295
29.38915
29.386358
29.398624
29.375988
29.366596
29.386648
29.380163
29.398478
29.392725
29.382685
29.385279
29.396255
29.384312
29.388111
29.401669
29.384222
29.382517
29.38771
29.397425
29.40441
29.378918
29.390064
29.394236
29.380238
29.370453
29.397501
29.383158
29.39036
29.392162
29.407207
29.399624
29.39628
29.37558
29.400608
29.388195
29.386642
29.405476
29.399942
29.38059
29.40179
29.400127
29.395645
29.389114
29.40267
29.384588
29.388103
29.387262
29.399405
29.414373
29.39267
29.37382
29.415272
29.394852
29.386572
29.393026
29.394241
29.402033
29.386938
29.38259
29.38808
29.39436
29.400707
29.383121
29.41188
29.386694
29.395687
29.416576
29.38357
29.413647
29.384842
29.409739
29.375046
