0.72411406
0.74954426
0.75551575
0.7604766
0.76132375
0.76804227
0.76859945
0.7727435
0.7735405
0.7750059
0.77604055
0.7768435
0.7767515
0.7792715
0.7795129
0.77987057
0.77829957
0.7766104
0.7806301
0.7824482
0.7821536
0.781387
0.78258246
0.7824327
0.78175676
0.78279924
0.7839564
0.7850091
0.7848867
0.7833547
0.7850197
0.7838925
0.7850802
0.78567326
0.7855539
0.78524554
0.7850496
0.7849604
0.78617555
0.7861141
0.78635895
0.78691566
0.7864081
0.7875384
0.7872753
0.7879302
0.7869066
0.7879952
0.78622085
0.78796685
0.78733045
0.7875482
0.7868718
0.7874349
0.7878283
0.78799725
0.788353
0.7880082
0.7879625
0.78823006
0.7890681
0.7892351
0.78926146
0.78781617
0.7890875
0.787758
0.78903997
0.7886265
0.7895413
0.78957045
0.7887984
0.7893817
0.7893046
0.7897309
0.78982586
0.7895996
0.78973216
0.78984845
0.79026276
0.7886901
0.7901772
0.7897142
0.78983575
0.7895807
0.7892303
0.78977644
0.7902557
0.7898334
0.78892696
0.7899187
0.7896609
0.79069316
0.7905055
0.79089785
0.7892664
0.79117763
0.7904068
0.79067385
0.79069597
0.7906088
0.7909519
0.78986955
0.7913549
0.7898146
0.7903877
0.7905705
0.7902915
0.79085904
0.7905694
0.79157215
0.7916213
0.79115236
0.7913901
0.7894429
0.7913664
0.7912613
0.7917031
0.7905828
0.79109395
0.7915362
0.7912531
0.7914694
0.79166174
0.79109204
0.79110706
0.7910687
0.79172546
0.79067963
0.79129136
0.7913665
0.79053473
0.79163057
0.79135656
0.7910406
0.7912458
0.79183483
0.79211646
0.7917858
0.79164
0.7919558
0.7917735
0.7919172
0.79216254
0.79141337
0.79249597
0.79203415
0.791766
0.79182893
0.79137003
0.79222584
0.7914687
0.79185545
0.7925943
0.7905985
0.791825
0.7919893
0.79226136
0.7924248
0.7919391
0.79217726
0.79212004
0.7924569
0.7924956
0.79224265
0.7920317
0.79207027
0.790757
0.79217714
0.79222083
0.7930134
0.79242975
0.7929986
0.79098547
0.7927361
0.7920524
0.79258174
0.7924431
0.79221165
0.7925195
0.7924733
0.79268837
0.792853
0.7926034
0.79212177
0.7923086
0.79258186
0.79233825
0.7933728
0.7927984
0.79218155
0.79209214
0.79316056
0.7921418
0.79298496
0.79273975
0.79253185
0.7933396
0.79236364
0.7932342
0.7925287
0.7936986
0.7933301
0.7941791
0.79366446
0.79383314
0.794068
0.79398435
0.7942616
0.79377043
0.79395753
0.79400474
0.79418975
0.79411745
0.7942788
0.7942829
0.7939369
0.79416305
0.7943494
0.79456276
0.7941028
0.7938179
0.79413927
0.7943689
0.794433
0.7938714
0.7946538
0.79391134
0.79413766
0.79436094
0.79449654
0.79454345
0.79395753
0.79396236
0.79463446
0.7946739
0.7945205
0.79437095
0.79398525
0.7942219
0.7942322
0.7941619
0.79436874
0.79443705
0.7941448
0.79402333
0.79446185
0.79442275
0.79441947
0.7944256
0.7940634
0.794218
0.7943152
0.7939676
0.7943772
0.7941341
0.794878
0.79443127
0.7942624
0.7944781
0.7945923
0.79437846
0.7943637
0.7940062
0.7939366
0.7949061
0.7948832
0.79378355
0.79463714
0.794842
0.7946578
0.79424983
0.79453146
0.7944282
0.7946482
0.79417133
0.7945987
0.7946096
0.7947031
0.79429495
0.7945172
0.7944187
0.79462576
0.7944006
0.79391754
0.7948808
0.7943856
0.79434717
0.7947834
0.7942254
0.7949852
0.7947977
0.7947473
0.79433787
0.79472995
0.79459375
0.79452866
0.7947615
0.79413754
0.79474807
0.7938289
